04-14 08:34:26 imba: False
04-14 08:34:26 model_name: CORAL
04-14 08:34:26 Domain: Cross-machine
04-14 08:34:26 source: CWRU_0
04-14 08:34:26 target: JNU_1
04-14 08:34:26 data_dir: ./datasets
04-14 08:34:26 train_mode: single_source
04-14 08:34:26 cuda_device: 0
04-14 08:34:26 save_dir: ./ckpt/CORAL/single_source
04-14 08:34:26 max_epoch: 100
04-14 08:34:26 batch_size: 64
04-14 08:34:26 num_workers: 0
04-14 08:34:26 signal_size: 2048
04-14 08:34:26 random_state: 75
04-14 08:34:26 normlizetype: mean-std
04-14 08:34:26 opt: sgd
04-14 08:34:26 lr: 0.001
04-14 08:34:26 momentum: 0.9
04-14 08:34:26 betas: (0.9, 0.999)
04-14 08:34:26 weight_decay: 0.0005
04-14 08:34:26 lr_scheduler: stepLR
04-14 08:34:26 gamma: 0.2
04-14 08:34:26 steps: 10
04-14 08:34:26 tradeoff: ['exp', 'exp', 'exp']
04-14 08:34:26 dropout: 0.0
04-14 08:34:26 save: False
04-14 08:34:26 load_path: 
04-14 08:34:26 tsne: False
04-14 08:34:26 save_path: ./ckpt/CORAL/single_source/[CWRU_0]To[JNU_1]_0414-083426
04-14 08:34:26 Detect 4 classes: ['1normal', 'ball', 'inner', 'outer']
04-14 08:34:26 using 1 / 1 gpus
Loading source: CWRU, Condition: 0
04-14 08:34:29 Source set CWRU_0 number of samples 708.
Source Data Distribution:
+--------------+---------+
| Label        |   Count |
|--------------+---------|
| 0            |     177 |
| 1            |     177 |
| 2            |     177 |
| 3            |     177 |
| Dataset Size |     708 |
+--------------+---------+
Setting up target: JNU, Condition: 1
04-14 08:34:36 target training set number of samples 488.
Target Data Distribution:
04-14 08:34:36 target validation set number of samples 488.
+--------------+---------+-------+
|              |   train |   val |
|--------------+---------+-------|
| 0            |     122 |   122 |
| 1            |     122 |   122 |
| 2            |     122 |   122 |
| 3            |     122 |   122 |
| Dataset Size |     488 |   488 |
+--------------+---------+-------+
04-14 08:34:36 -----Epoch 1/100-----
04-14 08:34:36 current lr: [0.001]
  0%|          | 0/7 [00:00<?, ?it/s] 43%|####2     | 3/7 [00:00<00:00, 24.17it/s]100%|##########| 7/7 [00:00<00:00, 31.03it/s]100%|##########| 7/7 [00:00<00:00, 29.90it/s]
04-14 08:34:37 Train-Loss Source Classifier: 1.3759
04-14 08:34:37 Train-Loss CORAL: 1.8382
04-14 08:34:37 Train-Acc Source Data: 0.2500
  0%|          | 0/8 [00:00<?, ?it/s]100%|##########| 8/8 [00:00<00:00, 163.07it/s]
04-14 08:34:37 Val-Acc Target Data: 0.2383
04-14 08:34:37 The best model epoch 1, val-acc 0.2383
04-14 08:34:37 -----Epoch 2/100-----
04-14 08:34:37 current lr: [0.001]
  0%|          | 0/7 [00:00<?, ?it/s] 57%|#####7    | 4/7 [00:00<00:00, 39.56it/s]100%|##########| 7/7 [00:00<00:00, 37.11it/s]
04-14 08:34:37 Train-Loss Source Classifier: 1.2931
04-14 08:34:37 Train-Loss CORAL: 1.8146
04-14 08:34:37 Train-Acc Source Data: 0.5960
  0%|          | 0/8 [00:00<?, ?it/s]100%|##########| 8/8 [00:00<00:00, 162.91it/s]
04-14 08:34:37 Val-Acc Target Data: 0.3477
04-14 08:34:37 The best model epoch 2, val-acc 0.3477
04-14 08:34:37 -----Epoch 3/100-----
04-14 08:34:37 current lr: [0.001]
  0%|          | 0/7 [00:00<?, ?it/s] 57%|#####7    | 4/7 [00:00<00:00, 37.73it/s]100%|##########| 7/7 [00:00<00:00, 35.88it/s]
04-14 08:34:37 Train-Loss Source Classifier: 1.1897
04-14 08:34:37 Train-Loss CORAL: 1.6344
04-14 08:34:37 Train-Acc Source Data: 0.6228
  0%|          | 0/8 [00:00<?, ?it/s]100%|##########| 8/8 [00:00<00:00, 157.48it/s]
04-14 08:34:37 Val-Acc Target Data: 0.2695
04-14 08:34:37 The best model epoch 2, val-acc 0.3477
04-14 08:34:37 -----Epoch 4/100-----
04-14 08:34:37 current lr: [0.001]
  0%|          | 0/7 [00:00<?, ?it/s] 57%|#####7    | 4/7 [00:00<00:00, 38.45it/s]100%|##########| 7/7 [00:00<00:00, 37.47it/s]
04-14 08:34:37 Train-Loss Source Classifier: 1.0384
04-14 08:34:37 Train-Loss CORAL: 1.3002
04-14 08:34:37 Train-Acc Source Data: 0.8080
  0%|          | 0/8 [00:00<?, ?it/s]100%|##########| 8/8 [00:00<00:00, 164.95it/s]
04-14 08:34:37 Val-Acc Target Data: 0.3867
04-14 08:34:37 The best model epoch 4, val-acc 0.3867
04-14 08:34:37 -----Epoch 5/100-----
04-14 08:34:37 current lr: [0.001]
  0%|          | 0/7 [00:00<?, ?it/s] 57%|#####7    | 4/7 [00:00<00:00, 37.61it/s]100%|##########| 7/7 [00:00<00:00, 38.52it/s]
04-14 08:34:38 Train-Loss Source Classifier: 0.8880
04-14 08:34:38 Train-Loss CORAL: 1.0014
04-14 08:34:38 Train-Acc Source Data: 0.9286
  0%|          | 0/8 [00:00<?, ?it/s]100%|##########| 8/8 [00:00<00:00, 162.58it/s]
04-14 08:34:38 Val-Acc Target Data: 0.3223
04-14 08:34:38 The best model epoch 4, val-acc 0.3867
04-14 08:34:38 -----Epoch 6/100-----
04-14 08:34:38 current lr: [0.001]
  0%|          | 0/7 [00:00<?, ?it/s] 57%|#####7    | 4/7 [00:00<00:00, 38.28it/s]100%|##########| 7/7 [00:00<00:00, 37.77it/s]
04-14 08:34:38 Train-Loss Source Classifier: 0.6992
04-14 08:34:38 Train-Loss CORAL: 0.7875
04-14 08:34:38 Train-Acc Source Data: 0.9688
  0%|          | 0/8 [00:00<?, ?it/s]100%|##########| 8/8 [00:00<00:00, 162.93it/s]
04-14 08:34:38 Val-Acc Target Data: 0.3574
04-14 08:34:38 The best model epoch 4, val-acc 0.3867
04-14 08:34:38 -----Epoch 7/100-----
04-14 08:34:38 current lr: [0.001]
  0%|          | 0/7 [00:00<?, ?it/s] 57%|#####7    | 4/7 [00:00<00:00, 37.96it/s]100%|##########| 7/7 [00:00<00:00, 37.60it/s]
04-14 08:34:38 Train-Loss Source Classifier: 0.5594
04-14 08:34:38 Train-Loss CORAL: 0.5463
04-14 08:34:38 Train-Acc Source Data: 0.9621
  0%|          | 0/8 [00:00<?, ?it/s]100%|##########| 8/8 [00:00<00:00, 161.29it/s]
04-14 08:34:38 Val-Acc Target Data: 0.3125
04-14 08:34:38 The best model epoch 4, val-acc 0.3867
04-14 08:34:38 -----Epoch 8/100-----
04-14 08:34:38 current lr: [0.001]
  0%|          | 0/7 [00:00<?, ?it/s] 57%|#####7    | 4/7 [00:00<00:00, 38.55it/s]100%|##########| 7/7 [00:00<00:00, 36.51it/s]
04-14 08:34:38 Train-Loss Source Classifier: 0.4090
04-14 08:34:38 Train-Loss CORAL: 0.4499
04-14 08:34:38 Train-Acc Source Data: 0.9911
  0%|          | 0/8 [00:00<?, ?it/s]100%|##########| 8/8 [00:00<00:00, 162.66it/s]
04-14 08:34:38 Val-Acc Target Data: 0.3301
04-14 08:34:38 The best model epoch 4, val-acc 0.3867
04-14 08:34:38 -----Epoch 9/100-----
04-14 08:34:38 current lr: [0.001]
  0%|          | 0/7 [00:00<?, ?it/s] 57%|#####7    | 4/7 [00:00<00:00, 38.09it/s]100%|##########| 7/7 [00:00<00:00, 38.29it/s]
04-14 08:34:39 Train-Loss Source Classifier: 0.2952
04-14 08:34:39 Train-Loss CORAL: 0.3881
04-14 08:34:39 Train-Acc Source Data: 0.9911
  0%|          | 0/8 [00:00<?, ?it/s]100%|##########| 8/8 [00:00<00:00, 162.07it/s]
04-14 08:34:39 Val-Acc Target Data: 0.2520
04-14 08:34:39 The best model epoch 4, val-acc 0.3867
04-14 08:34:39 -----Epoch 10/100-----
04-14 08:34:39 current lr: [0.001]
  0%|          | 0/7 [00:00<?, ?it/s] 57%|#####7    | 4/7 [00:00<00:00, 37.84it/s]100%|##########| 7/7 [00:00<00:00, 36.51it/s]
04-14 08:34:39 Train-Loss Source Classifier: 0.2043
04-14 08:34:39 Train-Loss CORAL: 0.3432
04-14 08:34:39 Train-Acc Source Data: 0.9955
  0%|          | 0/8 [00:00<?, ?it/s]100%|##########| 8/8 [00:00<00:00, 160.27it/s]
04-14 08:34:39 Val-Acc Target Data: 0.3879
04-14 08:34:39 The best model epoch 10, val-acc 0.3879
04-14 08:34:39 -----Epoch 11/100-----
04-14 08:34:39 current lr: [0.0002]
  0%|          | 0/7 [00:00<?, ?it/s] 57%|#####7    | 4/7 [00:00<00:00, 37.93it/s]100%|##########| 7/7 [00:00<00:00, 38.13it/s]
04-14 08:34:39 Train-Loss Source Classifier: 0.1568
04-14 08:34:39 Train-Loss CORAL: 0.3162
04-14 08:34:39 Train-Acc Source Data: 0.9955
  0%|          | 0/8 [00:00<?, ?it/s]100%|##########| 8/8 [00:00<00:00, 159.24it/s]
04-14 08:34:39 Val-Acc Target Data: 0.3770
04-14 08:34:39 The best model epoch 10, val-acc 0.3879
04-14 08:34:39 -----Epoch 12/100-----
04-14 08:34:39 current lr: [0.0002]
  0%|          | 0/7 [00:00<?, ?it/s] 57%|#####7    | 4/7 [00:00<00:00, 37.78it/s]100%|##########| 7/7 [00:00<00:00, 36.52it/s]
04-14 08:34:39 Train-Loss Source Classifier: 0.1557
04-14 08:34:39 Train-Loss CORAL: 0.3124
04-14 08:34:39 Train-Acc Source Data: 0.9955
  0%|          | 0/8 [00:00<?, ?it/s]100%|##########| 8/8 [00:00<00:00, 158.64it/s]
04-14 08:34:39 Val-Acc Target Data: 0.3320
04-14 08:34:39 The best model epoch 10, val-acc 0.3879
04-14 08:34:39 -----Epoch 13/100-----
04-14 08:34:39 current lr: [0.0002]
  0%|          | 0/7 [00:00<?, ?it/s] 57%|#####7    | 4/7 [00:00<00:00, 37.95it/s]100%|##########| 7/7 [00:00<00:00, 37.31it/s]
04-14 08:34:40 Train-Loss Source Classifier: 0.1269
04-14 08:34:40 Train-Loss CORAL: 0.2971
04-14 08:34:40 Train-Acc Source Data: 0.9978
  0%|          | 0/8 [00:00<?, ?it/s]100%|##########| 8/8 [00:00<00:00, 161.25it/s]
04-14 08:34:40 Val-Acc Target Data: 0.2812
04-14 08:34:40 The best model epoch 10, val-acc 0.3879
04-14 08:34:40 -----Epoch 14/100-----
04-14 08:34:40 current lr: [0.0002]
  0%|          | 0/7 [00:00<?, ?it/s] 57%|#####7    | 4/7 [00:00<00:00, 36.77it/s]100%|##########| 7/7 [00:00<00:00, 35.78it/s]
04-14 08:34:40 Train-Loss Source Classifier: 0.1209
04-14 08:34:40 Train-Loss CORAL: 0.2903
04-14 08:34:40 Train-Acc Source Data: 0.9978
  0%|          | 0/8 [00:00<?, ?it/s]100%|##########| 8/8 [00:00<00:00, 158.87it/s]
04-14 08:34:40 Val-Acc Target Data: 0.2852
04-14 08:34:40 The best model epoch 10, val-acc 0.3879
04-14 08:34:40 -----Epoch 15/100-----
04-14 08:34:40 current lr: [0.0002]
  0%|          | 0/7 [00:00<?, ?it/s] 57%|#####7    | 4/7 [00:00<00:00, 37.93it/s]100%|##########| 7/7 [00:00<00:00, 36.68it/s]
04-14 08:34:40 Train-Loss Source Classifier: 0.1305
04-14 08:34:40 Train-Loss CORAL: 0.2841
04-14 08:34:40 Train-Acc Source Data: 1.0000
  0%|          | 0/8 [00:00<?, ?it/s]100%|##########| 8/8 [00:00<00:00, 159.25it/s]
04-14 08:34:40 Val-Acc Target Data: 0.2949
04-14 08:34:40 The best model epoch 10, val-acc 0.3879
04-14 08:34:40 -----Epoch 16/100-----
04-14 08:34:40 current lr: [0.0002]
  0%|          | 0/7 [00:00<?, ?it/s] 57%|#####7    | 4/7 [00:00<00:00, 36.45it/s]100%|##########| 7/7 [00:00<00:00, 36.68it/s]
04-14 08:34:40 Train-Loss Source Classifier: 0.1072
04-14 08:34:40 Train-Loss CORAL: 0.2713
04-14 08:34:40 Train-Acc Source Data: 1.0000
  0%|          | 0/8 [00:00<?, ?it/s]100%|##########| 8/8 [00:00<00:00, 145.80it/s]
04-14 08:34:40 Val-Acc Target Data: 0.3066
04-14 08:34:40 The best model epoch 10, val-acc 0.3879
04-14 08:34:40 -----Epoch 17/100-----
04-14 08:34:40 current lr: [0.0002]
  0%|          | 0/7 [00:00<?, ?it/s] 57%|#####7    | 4/7 [00:00<00:00, 38.38it/s]100%|##########| 7/7 [00:00<00:00, 37.50it/s]
04-14 08:34:41 Train-Loss Source Classifier: 0.1128
04-14 08:34:41 Train-Loss CORAL: 0.2725
04-14 08:34:41 Train-Acc Source Data: 0.9955
  0%|          | 0/8 [00:00<?, ?it/s]100%|##########| 8/8 [00:00<00:00, 160.38it/s]
04-14 08:34:41 Val-Acc Target Data: 0.2949
04-14 08:34:41 The best model epoch 10, val-acc 0.3879
04-14 08:34:41 -----Epoch 18/100-----
04-14 08:34:41 current lr: [0.0002]
  0%|          | 0/7 [00:00<?, ?it/s] 57%|#####7    | 4/7 [00:00<00:00, 36.94it/s]100%|##########| 7/7 [00:00<00:00, 36.46it/s]
04-14 08:34:41 Train-Loss Source Classifier: 0.0997
04-14 08:34:41 Train-Loss CORAL: 0.2606
04-14 08:34:41 Train-Acc Source Data: 1.0000
  0%|          | 0/8 [00:00<?, ?it/s]100%|##########| 8/8 [00:00<00:00, 161.41it/s]
04-14 08:34:41 Val-Acc Target Data: 0.3008
04-14 08:34:41 The best model epoch 10, val-acc 0.3879
04-14 08:34:41 -----Epoch 19/100-----
04-14 08:34:41 current lr: [0.0002]
  0%|          | 0/7 [00:00<?, ?it/s] 57%|#####7    | 4/7 [00:00<00:00, 37.13it/s]100%|##########| 7/7 [00:00<00:00, 36.73it/s]
04-14 08:34:41 Train-Loss Source Classifier: 0.1006
04-14 08:34:41 Train-Loss CORAL: 0.2393
04-14 08:34:41 Train-Acc Source Data: 0.9978
  0%|          | 0/8 [00:00<?, ?it/s]100%|##########| 8/8 [00:00<00:00, 155.58it/s]
04-14 08:34:41 Val-Acc Target Data: 0.2988
04-14 08:34:41 The best model epoch 10, val-acc 0.3879
04-14 08:34:41 -----Epoch 20/100-----
04-14 08:34:41 current lr: [0.0002]
  0%|          | 0/7 [00:00<?, ?it/s] 57%|#####7    | 4/7 [00:00<00:00, 37.98it/s]100%|##########| 7/7 [00:00<00:00, 37.99it/s]
04-14 08:34:41 Train-Loss Source Classifier: 0.0970
04-14 08:34:41 Train-Loss CORAL: 0.2438
04-14 08:34:41 Train-Acc Source Data: 0.9978
  0%|          | 0/8 [00:00<?, ?it/s]100%|##########| 8/8 [00:00<00:00, 161.19it/s]
04-14 08:34:41 Val-Acc Target Data: 0.3066
04-14 08:34:41 The best model epoch 10, val-acc 0.3879
04-14 08:34:41 -----Epoch 21/100-----
04-14 08:34:41 current lr: [4e-05]
  0%|          | 0/7 [00:00<?, ?it/s] 57%|#####7    | 4/7 [00:00<00:00, 36.39it/s]100%|##########| 7/7 [00:00<00:00, 37.18it/s]
04-14 08:34:42 Train-Loss Source Classifier: 0.0885
04-14 08:34:42 Train-Loss CORAL: 0.2310
04-14 08:34:42 Train-Acc Source Data: 1.0000
  0%|          | 0/8 [00:00<?, ?it/s]100%|##########| 8/8 [00:00<00:00, 161.61it/s]
04-14 08:34:42 Val-Acc Target Data: 0.3066
04-14 08:34:42 The best model epoch 10, val-acc 0.3879
04-14 08:34:42 -----Epoch 22/100-----
04-14 08:34:42 current lr: [4e-05]
  0%|          | 0/7 [00:00<?, ?it/s] 57%|#####7    | 4/7 [00:00<00:00, 38.41it/s]100%|##########| 7/7 [00:00<00:00, 36.67it/s]
04-14 08:34:42 Train-Loss Source Classifier: 0.0941
04-14 08:34:42 Train-Loss CORAL: 0.2382
04-14 08:34:42 Train-Acc Source Data: 1.0000
  0%|          | 0/8 [00:00<?, ?it/s]100%|##########| 8/8 [00:00<00:00, 160.05it/s]
04-14 08:34:42 Val-Acc Target Data: 0.3066
04-14 08:34:42 The best model epoch 10, val-acc 0.3879
04-14 08:34:42 -----Epoch 23/100-----
04-14 08:34:42 current lr: [4e-05]
  0%|          | 0/7 [00:00<?, ?it/s] 57%|#####7    | 4/7 [00:00<00:00, 36.62it/s]100%|##########| 7/7 [00:00<00:00, 36.95it/s]
04-14 08:34:42 Train-Loss Source Classifier: 0.0858
04-14 08:34:42 Train-Loss CORAL: 0.2342
04-14 08:34:42 Train-Acc Source Data: 0.9978
  0%|          | 0/8 [00:00<?, ?it/s]100%|##########| 8/8 [00:00<00:00, 161.48it/s]
04-14 08:34:42 Val-Acc Target Data: 0.3008
04-14 08:34:42 The best model epoch 10, val-acc 0.3879
04-14 08:34:42 -----Epoch 24/100-----
04-14 08:34:42 current lr: [4e-05]
  0%|          | 0/7 [00:00<?, ?it/s] 57%|#####7    | 4/7 [00:00<00:00, 38.15it/s]100%|##########| 7/7 [00:00<00:00, 36.91it/s]
04-14 08:34:42 Train-Loss Source Classifier: 0.0919
04-14 08:34:42 Train-Loss CORAL: 0.2297
04-14 08:34:42 Train-Acc Source Data: 1.0000
  0%|          | 0/8 [00:00<?, ?it/s]100%|##########| 8/8 [00:00<00:00, 163.35it/s]
04-14 08:34:42 Val-Acc Target Data: 0.3047
04-14 08:34:42 The best model epoch 10, val-acc 0.3879
04-14 08:34:42 -----Epoch 25/100-----
04-14 08:34:42 current lr: [4e-05]
  0%|          | 0/7 [00:00<?, ?it/s] 57%|#####7    | 4/7 [00:00<00:00, 38.19it/s]100%|##########| 7/7 [00:00<00:00, 37.13it/s]
04-14 08:34:43 Train-Loss Source Classifier: 0.0865
04-14 08:34:43 Train-Loss CORAL: 0.2285
04-14 08:34:43 Train-Acc Source Data: 1.0000
  0%|          | 0/8 [00:00<?, ?it/s]100%|##########| 8/8 [00:00<00:00, 155.31it/s]
04-14 08:34:43 Val-Acc Target Data: 0.3066
04-14 08:34:43 The best model epoch 10, val-acc 0.3879
04-14 08:34:43 -----Epoch 26/100-----
04-14 08:34:43 current lr: [4e-05]
  0%|          | 0/7 [00:00<?, ?it/s] 57%|#####7    | 4/7 [00:00<00:00, 36.73it/s]100%|##########| 7/7 [00:00<00:00, 36.93it/s]
04-14 08:34:43 Train-Loss Source Classifier: 0.0843
04-14 08:34:43 Train-Loss CORAL: 0.2224
04-14 08:34:43 Train-Acc Source Data: 0.9978
  0%|          | 0/8 [00:00<?, ?it/s]100%|##########| 8/8 [00:00<00:00, 162.39it/s]
04-14 08:34:43 Val-Acc Target Data: 0.3125
04-14 08:34:43 The best model epoch 10, val-acc 0.3879
04-14 08:34:43 -----Epoch 27/100-----
04-14 08:34:43 current lr: [4e-05]
  0%|          | 0/7 [00:00<?, ?it/s] 57%|#####7    | 4/7 [00:00<00:00, 38.01it/s]100%|##########| 7/7 [00:00<00:00, 37.06it/s]
04-14 08:34:43 Train-Loss Source Classifier: 0.0875
04-14 08:34:43 Train-Loss CORAL: 0.2283
04-14 08:34:43 Train-Acc Source Data: 1.0000
  0%|          | 0/8 [00:00<?, ?it/s]100%|##########| 8/8 [00:00<00:00, 161.73it/s]
04-14 08:34:43 Val-Acc Target Data: 0.3047
04-14 08:34:43 The best model epoch 10, val-acc 0.3879
04-14 08:34:43 -----Epoch 28/100-----
04-14 08:34:43 current lr: [4e-05]
  0%|          | 0/7 [00:00<?, ?it/s] 57%|#####7    | 4/7 [00:00<00:00, 38.28it/s]100%|##########| 7/7 [00:00<00:00, 37.39it/s]
04-14 08:34:43 Train-Loss Source Classifier: 0.0825
04-14 08:34:43 Train-Loss CORAL: 0.2232
04-14 08:34:43 Train-Acc Source Data: 0.9978
  0%|          | 0/8 [00:00<?, ?it/s]100%|##########| 8/8 [00:00<00:00, 163.91it/s]
04-14 08:34:43 Val-Acc Target Data: 0.3047
04-14 08:34:43 The best model epoch 10, val-acc 0.3879
04-14 08:34:43 -----Epoch 29/100-----
04-14 08:34:43 current lr: [4e-05]
  0%|          | 0/7 [00:00<?, ?it/s] 57%|#####7    | 4/7 [00:00<00:00, 38.22it/s]100%|##########| 7/7 [00:00<00:00, 36.88it/s]
04-14 08:34:44 Train-Loss Source Classifier: 0.0872
04-14 08:34:44 Train-Loss CORAL: 0.2292
04-14 08:34:44 Train-Acc Source Data: 1.0000
  0%|          | 0/8 [00:00<?, ?it/s]100%|##########| 8/8 [00:00<00:00, 163.31it/s]
04-14 08:34:44 Val-Acc Target Data: 0.3098
04-14 08:34:44 The best model epoch 10, val-acc 0.3879
04-14 08:34:44 -----Epoch 30/100-----
04-14 08:34:44 current lr: [4e-05]
  0%|          | 0/7 [00:00<?, ?it/s] 57%|#####7    | 4/7 [00:00<00:00, 38.84it/s]100%|##########| 7/7 [00:00<00:00, 37.07it/s]
04-14 08:34:44 Train-Loss Source Classifier: 0.0850
04-14 08:34:44 Train-Loss CORAL: 0.2221
04-14 08:34:44 Train-Acc Source Data: 0.9978
  0%|          | 0/8 [00:00<?, ?it/s]100%|##########| 8/8 [00:00<00:00, 162.75it/s]
04-14 08:34:44 Val-Acc Target Data: 0.2961
04-14 08:34:44 The best model epoch 10, val-acc 0.3879
04-14 08:34:44 -----Epoch 31/100-----
04-14 08:34:44 current lr: [8.000000000000001e-06]
  0%|          | 0/7 [00:00<?, ?it/s] 57%|#####7    | 4/7 [00:00<00:00, 36.58it/s]100%|##########| 7/7 [00:00<00:00, 35.93it/s]
04-14 08:34:44 Train-Loss Source Classifier: 0.0851
04-14 08:34:44 Train-Loss CORAL: 0.2194
04-14 08:34:44 Train-Acc Source Data: 1.0000
  0%|          | 0/8 [00:00<?, ?it/s]100%|##########| 8/8 [00:00<00:00, 159.27it/s]
04-14 08:34:44 Val-Acc Target Data: 0.2988
04-14 08:34:44 The best model epoch 10, val-acc 0.3879
04-14 08:34:44 -----Epoch 32/100-----
04-14 08:34:44 current lr: [8.000000000000001e-06]
  0%|          | 0/7 [00:00<?, ?it/s] 57%|#####7    | 4/7 [00:00<00:00, 38.02it/s]100%|##########| 7/7 [00:00<00:00, 35.99it/s]
04-14 08:34:44 Train-Loss Source Classifier: 0.0864
04-14 08:34:44 Train-Loss CORAL: 0.2192
04-14 08:34:44 Train-Acc Source Data: 1.0000
  0%|          | 0/8 [00:00<?, ?it/s]100%|##########| 8/8 [00:00<00:00, 159.82it/s]
04-14 08:34:44 Val-Acc Target Data: 0.3105
04-14 08:34:44 The best model epoch 10, val-acc 0.3879
04-14 08:34:44 -----Epoch 33/100-----
04-14 08:34:44 current lr: [8.000000000000001e-06]
  0%|          | 0/7 [00:00<?, ?it/s] 71%|#######1  | 5/7 [00:00<00:00, 38.18it/s]100%|##########| 7/7 [00:00<00:00, 37.77it/s]
04-14 08:34:45 Train-Loss Source Classifier: 0.0812
04-14 08:34:45 Train-Loss CORAL: 0.2168
04-14 08:34:45 Train-Acc Source Data: 1.0000
  0%|          | 0/8 [00:00<?, ?it/s]100%|##########| 8/8 [00:00<00:00, 160.25it/s]
04-14 08:34:45 Val-Acc Target Data: 0.3000
04-14 08:34:45 The best model epoch 10, val-acc 0.3879
04-14 08:34:45 -----Epoch 34/100-----
04-14 08:34:45 current lr: [8.000000000000001e-06]
  0%|          | 0/7 [00:00<?, ?it/s] 57%|#####7    | 4/7 [00:00<00:00, 38.78it/s]100%|##########| 7/7 [00:00<00:00, 37.66it/s]
04-14 08:34:45 Train-Loss Source Classifier: 0.0817
04-14 08:34:45 Train-Loss CORAL: 0.2193
04-14 08:34:45 Train-Acc Source Data: 1.0000
  0%|          | 0/8 [00:00<?, ?it/s]100%|##########| 8/8 [00:00<00:00, 160.40it/s]
04-14 08:34:45 Val-Acc Target Data: 0.2941
04-14 08:34:45 The best model epoch 10, val-acc 0.3879
04-14 08:34:45 -----Epoch 35/100-----
04-14 08:34:45 current lr: [8.000000000000001e-06]
  0%|          | 0/7 [00:00<?, ?it/s] 57%|#####7    | 4/7 [00:00<00:00, 38.70it/s]100%|##########| 7/7 [00:00<00:00, 37.80it/s]
04-14 08:34:45 Train-Loss Source Classifier: 0.0854
04-14 08:34:45 Train-Loss CORAL: 0.2136
04-14 08:34:45 Train-Acc Source Data: 1.0000
  0%|          | 0/8 [00:00<?, ?it/s]100%|##########| 8/8 [00:00<00:00, 160.44it/s]
04-14 08:34:45 Val-Acc Target Data: 0.3098
04-14 08:34:45 The best model epoch 10, val-acc 0.3879
04-14 08:34:45 -----Epoch 36/100-----
04-14 08:34:45 current lr: [8.000000000000001e-06]
  0%|          | 0/7 [00:00<?, ?it/s] 57%|#####7    | 4/7 [00:00<00:00, 39.58it/s]100%|##########| 7/7 [00:00<00:00, 37.96it/s]
04-14 08:34:45 Train-Loss Source Classifier: 0.0805
04-14 08:34:45 Train-Loss CORAL: 0.2154
04-14 08:34:45 Train-Acc Source Data: 1.0000
  0%|          | 0/8 [00:00<?, ?it/s]100%|##########| 8/8 [00:00<00:00, 158.76it/s]
04-14 08:34:45 Val-Acc Target Data: 0.2961
04-14 08:34:45 The best model epoch 10, val-acc 0.3879
04-14 08:34:45 -----Epoch 37/100-----
04-14 08:34:45 current lr: [8.000000000000001e-06]
  0%|          | 0/7 [00:00<?, ?it/s] 57%|#####7    | 4/7 [00:00<00:00, 38.15it/s]100%|##########| 7/7 [00:00<00:00, 37.45it/s]
04-14 08:34:46 Train-Loss Source Classifier: 0.0864
04-14 08:34:46 Train-Loss CORAL: 0.2189
04-14 08:34:46 Train-Acc Source Data: 1.0000
  0%|          | 0/8 [00:00<?, ?it/s]100%|##########| 8/8 [00:00<00:00, 164.87it/s]
04-14 08:34:46 Val-Acc Target Data: 0.3000
04-14 08:34:46 The best model epoch 10, val-acc 0.3879
04-14 08:34:46 -----Epoch 38/100-----
04-14 08:34:46 current lr: [8.000000000000001e-06]
  0%|          | 0/7 [00:00<?, ?it/s] 57%|#####7    | 4/7 [00:00<00:00, 39.75it/s]100%|##########| 7/7 [00:00<00:00, 37.95it/s]
04-14 08:34:46 Train-Loss Source Classifier: 0.0787
04-14 08:34:46 Train-Loss CORAL: 0.2156
04-14 08:34:46 Train-Acc Source Data: 0.9978
  0%|          | 0/8 [00:00<?, ?it/s]100%|##########| 8/8 [00:00<00:00, 162.99it/s]
04-14 08:34:46 Val-Acc Target Data: 0.3039
04-14 08:34:46 The best model epoch 10, val-acc 0.3879
04-14 08:34:46 -----Epoch 39/100-----
04-14 08:34:46 current lr: [8.000000000000001e-06]
  0%|          | 0/7 [00:00<?, ?it/s] 57%|#####7    | 4/7 [00:00<00:00, 38.76it/s]100%|##########| 7/7 [00:00<00:00, 37.77it/s]
04-14 08:34:46 Train-Loss Source Classifier: 0.0818
04-14 08:34:46 Train-Loss CORAL: 0.2141
04-14 08:34:46 Train-Acc Source Data: 1.0000
  0%|          | 0/8 [00:00<?, ?it/s]100%|##########| 8/8 [00:00<00:00, 164.53it/s]
04-14 08:34:46 Val-Acc Target Data: 0.3176
04-14 08:34:46 The best model epoch 10, val-acc 0.3879
04-14 08:34:46 -----Epoch 40/100-----
04-14 08:34:46 current lr: [8.000000000000001e-06]
  0%|          | 0/7 [00:00<?, ?it/s] 57%|#####7    | 4/7 [00:00<00:00, 39.00it/s]100%|##########| 7/7 [00:00<00:00, 37.49it/s]
04-14 08:34:46 Train-Loss Source Classifier: 0.0851
04-14 08:34:46 Train-Loss CORAL: 0.2113
04-14 08:34:46 Train-Acc Source Data: 1.0000
  0%|          | 0/8 [00:00<?, ?it/s]100%|##########| 8/8 [00:00<00:00, 165.28it/s]
04-14 08:34:46 Val-Acc Target Data: 0.3020
04-14 08:34:46 The best model epoch 10, val-acc 0.3879
04-14 08:34:46 -----Epoch 41/100-----
04-14 08:34:46 current lr: [1.6000000000000004e-06]
  0%|          | 0/7 [00:00<?, ?it/s] 57%|#####7    | 4/7 [00:00<00:00, 39.14it/s]100%|##########| 7/7 [00:00<00:00, 38.91it/s]
04-14 08:34:46 Train-Loss Source Classifier: 0.0846
04-14 08:34:46 Train-Loss CORAL: 0.2106
04-14 08:34:46 Train-Acc Source Data: 0.9978
  0%|          | 0/8 [00:00<?, ?it/s]100%|##########| 8/8 [00:00<00:00, 154.10it/s]
04-14 08:34:47 Val-Acc Target Data: 0.3000
04-14 08:34:47 The best model epoch 10, val-acc 0.3879
04-14 08:34:47 -----Epoch 42/100-----
04-14 08:34:47 current lr: [1.6000000000000004e-06]
  0%|          | 0/7 [00:00<?, ?it/s] 57%|#####7    | 4/7 [00:00<00:00, 38.53it/s]100%|##########| 7/7 [00:00<00:00, 37.86it/s]
04-14 08:34:47 Train-Loss Source Classifier: 0.0770
04-14 08:34:47 Train-Loss CORAL: 0.2154
04-14 08:34:47 Train-Acc Source Data: 1.0000
  0%|          | 0/8 [00:00<?, ?it/s]100%|##########| 8/8 [00:00<00:00, 160.46it/s]
04-14 08:34:47 Val-Acc Target Data: 0.3020
04-14 08:34:47 The best model epoch 10, val-acc 0.3879
04-14 08:34:47 -----Epoch 43/100-----
04-14 08:34:47 current lr: [1.6000000000000004e-06]
  0%|          | 0/7 [00:00<?, ?it/s] 57%|#####7    | 4/7 [00:00<00:00, 37.47it/s]100%|##########| 7/7 [00:00<00:00, 36.92it/s]
04-14 08:34:47 Train-Loss Source Classifier: 0.0864
04-14 08:34:47 Train-Loss CORAL: 0.2124
04-14 08:34:47 Train-Acc Source Data: 1.0000
  0%|          | 0/8 [00:00<?, ?it/s]100%|##########| 8/8 [00:00<00:00, 165.27it/s]
04-14 08:34:47 Val-Acc Target Data: 0.2961
04-14 08:34:47 The best model epoch 10, val-acc 0.3879
04-14 08:34:47 -----Epoch 44/100-----
04-14 08:34:47 current lr: [1.6000000000000004e-06]
  0%|          | 0/7 [00:00<?, ?it/s] 57%|#####7    | 4/7 [00:00<00:00, 38.71it/s]100%|##########| 7/7 [00:00<00:00, 37.37it/s]
04-14 08:34:47 Train-Loss Source Classifier: 0.0827
04-14 08:34:47 Train-Loss CORAL: 0.2104
04-14 08:34:47 Train-Acc Source Data: 0.9978
  0%|          | 0/8 [00:00<?, ?it/s]100%|##########| 8/8 [00:00<00:00, 162.46it/s]
04-14 08:34:47 Val-Acc Target Data: 0.3078
04-14 08:34:47 The best model epoch 10, val-acc 0.3879
04-14 08:34:47 -----Epoch 45/100-----
04-14 08:34:47 current lr: [1.6000000000000004e-06]
  0%|          | 0/7 [00:00<?, ?it/s] 57%|#####7    | 4/7 [00:00<00:00, 39.50it/s]100%|##########| 7/7 [00:00<00:00, 37.75it/s]
04-14 08:34:47 Train-Loss Source Classifier: 0.0808
04-14 08:34:47 Train-Loss CORAL: 0.2073
04-14 08:34:47 Train-Acc Source Data: 0.9978
  0%|          | 0/8 [00:00<?, ?it/s]100%|##########| 8/8 [00:00<00:00, 163.58it/s]
04-14 08:34:48 Val-Acc Target Data: 0.3059
04-14 08:34:48 The best model epoch 10, val-acc 0.3879
04-14 08:34:48 -----Epoch 46/100-----
04-14 08:34:48 current lr: [1.6000000000000004e-06]
  0%|          | 0/7 [00:00<?, ?it/s] 57%|#####7    | 4/7 [00:00<00:00, 38.72it/s]100%|##########| 7/7 [00:00<00:00, 37.52it/s]
04-14 08:34:48 Train-Loss Source Classifier: 0.0824
04-14 08:34:48 Train-Loss CORAL: 0.2167
04-14 08:34:48 Train-Acc Source Data: 0.9978
  0%|          | 0/8 [00:00<?, ?it/s]100%|##########| 8/8 [00:00<00:00, 162.53it/s]
04-14 08:34:48 Val-Acc Target Data: 0.3059
04-14 08:34:48 The best model epoch 10, val-acc 0.3879
04-14 08:34:48 -----Epoch 47/100-----
04-14 08:34:48 current lr: [1.6000000000000004e-06]
  0%|          | 0/7 [00:00<?, ?it/s] 57%|#####7    | 4/7 [00:00<00:00, 38.25it/s]100%|##########| 7/7 [00:00<00:00, 37.99it/s]
04-14 08:34:48 Train-Loss Source Classifier: 0.0833
04-14 08:34:48 Train-Loss CORAL: 0.2124
04-14 08:34:48 Train-Acc Source Data: 1.0000
  0%|          | 0/8 [00:00<?, ?it/s]100%|##########| 8/8 [00:00<00:00, 164.77it/s]
04-14 08:34:48 Val-Acc Target Data: 0.3117
04-14 08:34:48 The best model epoch 10, val-acc 0.3879
04-14 08:34:48 -----Epoch 48/100-----
04-14 08:34:48 current lr: [1.6000000000000004e-06]
  0%|          | 0/7 [00:00<?, ?it/s] 57%|#####7    | 4/7 [00:00<00:00, 38.33it/s]100%|##########| 7/7 [00:00<00:00, 37.63it/s]
04-14 08:34:48 Train-Loss Source Classifier: 0.0791
04-14 08:34:48 Train-Loss CORAL: 0.2118
04-14 08:34:48 Train-Acc Source Data: 1.0000
  0%|          | 0/8 [00:00<?, ?it/s]100%|##########| 8/8 [00:00<00:00, 165.32it/s]
04-14 08:34:48 Val-Acc Target Data: 0.3020
04-14 08:34:48 The best model epoch 10, val-acc 0.3879
04-14 08:34:48 -----Epoch 49/100-----
04-14 08:34:48 current lr: [1.6000000000000004e-06]
  0%|          | 0/7 [00:00<?, ?it/s] 57%|#####7    | 4/7 [00:00<00:00, 38.93it/s]100%|##########| 7/7 [00:00<00:00, 37.76it/s]
04-14 08:34:48 Train-Loss Source Classifier: 0.0807
04-14 08:34:48 Train-Loss CORAL: 0.2177
04-14 08:34:48 Train-Acc Source Data: 1.0000
  0%|          | 0/8 [00:00<?, ?it/s]100%|##########| 8/8 [00:00<00:00, 161.20it/s]
04-14 08:34:49 Val-Acc Target Data: 0.3039
04-14 08:34:49 The best model epoch 10, val-acc 0.3879
04-14 08:34:49 -----Epoch 50/100-----
04-14 08:34:49 current lr: [1.6000000000000004e-06]
  0%|          | 0/7 [00:00<?, ?it/s] 57%|#####7    | 4/7 [00:00<00:00, 38.77it/s]100%|##########| 7/7 [00:00<00:00, 38.00it/s]
04-14 08:34:49 Train-Loss Source Classifier: 0.0853
04-14 08:34:49 Train-Loss CORAL: 0.2184
04-14 08:34:49 Train-Acc Source Data: 0.9978
  0%|          | 0/8 [00:00<?, ?it/s]100%|##########| 8/8 [00:00<00:00, 164.08it/s]
04-14 08:34:49 Val-Acc Target Data: 0.3039
04-14 08:34:49 The best model epoch 10, val-acc 0.3879
04-14 08:34:49 -----Epoch 51/100-----
04-14 08:34:49 current lr: [3.200000000000001e-07]
  0%|          | 0/7 [00:00<?, ?it/s] 57%|#####7    | 4/7 [00:00<00:00, 38.88it/s]100%|##########| 7/7 [00:00<00:00, 38.51it/s]
04-14 08:34:49 Train-Loss Source Classifier: 0.0824
04-14 08:34:49 Train-Loss CORAL: 0.2162
04-14 08:34:49 Train-Acc Source Data: 1.0000
  0%|          | 0/8 [00:00<?, ?it/s]100%|##########| 8/8 [00:00<00:00, 162.76it/s]
04-14 08:34:49 Val-Acc Target Data: 0.2961
04-14 08:34:49 The best model epoch 10, val-acc 0.3879
04-14 08:34:49 -----Epoch 52/100-----
04-14 08:34:49 current lr: [3.200000000000001e-07]
  0%|          | 0/7 [00:00<?, ?it/s] 57%|#####7    | 4/7 [00:00<00:00, 39.10it/s]100%|##########| 7/7 [00:00<00:00, 38.13it/s]
04-14 08:34:49 Train-Loss Source Classifier: 0.0878
04-14 08:34:49 Train-Loss CORAL: 0.2164
04-14 08:34:49 Train-Acc Source Data: 1.0000
  0%|          | 0/8 [00:00<?, ?it/s]100%|##########| 8/8 [00:00<00:00, 163.70it/s]
04-14 08:34:49 Val-Acc Target Data: 0.3176
04-14 08:34:49 The best model epoch 10, val-acc 0.3879
04-14 08:34:49 -----Epoch 53/100-----
04-14 08:34:49 current lr: [3.200000000000001e-07]
  0%|          | 0/7 [00:00<?, ?it/s] 57%|#####7    | 4/7 [00:00<00:00, 37.37it/s]100%|##########| 7/7 [00:00<00:00, 37.06it/s]
04-14 08:34:49 Train-Loss Source Classifier: 0.0837
04-14 08:34:49 Train-Loss CORAL: 0.2217
04-14 08:34:49 Train-Acc Source Data: 1.0000
  0%|          | 0/8 [00:00<?, ?it/s]100%|##########| 8/8 [00:00<00:00, 164.59it/s]
04-14 08:34:49 Val-Acc Target Data: 0.3039
04-14 08:34:49 The best model epoch 10, val-acc 0.3879
04-14 08:34:49 -----Epoch 54/100-----
04-14 08:34:49 current lr: [3.200000000000001e-07]
  0%|          | 0/7 [00:00<?, ?it/s] 57%|#####7    | 4/7 [00:00<00:00, 39.48it/s]100%|##########| 7/7 [00:00<00:00, 37.89it/s]
04-14 08:34:50 Train-Loss Source Classifier: 0.0825
04-14 08:34:50 Train-Loss CORAL: 0.2195
04-14 08:34:50 Train-Acc Source Data: 0.9978
  0%|          | 0/8 [00:00<?, ?it/s]100%|##########| 8/8 [00:00<00:00, 164.96it/s]
04-14 08:34:50 Val-Acc Target Data: 0.3000
04-14 08:34:50 The best model epoch 10, val-acc 0.3879
04-14 08:34:50 -----Epoch 55/100-----
04-14 08:34:50 current lr: [3.200000000000001e-07]
  0%|          | 0/7 [00:00<?, ?it/s] 57%|#####7    | 4/7 [00:00<00:00, 39.07it/s]100%|##########| 7/7 [00:00<00:00, 37.46it/s]
04-14 08:34:50 Train-Loss Source Classifier: 0.0825
04-14 08:34:50 Train-Loss CORAL: 0.2114
04-14 08:34:50 Train-Acc Source Data: 1.0000
  0%|          | 0/8 [00:00<?, ?it/s]100%|##########| 8/8 [00:00<00:00, 160.72it/s]
04-14 08:34:50 Val-Acc Target Data: 0.3078
04-14 08:34:50 The best model epoch 10, val-acc 0.3879
04-14 08:34:50 -----Epoch 56/100-----
04-14 08:34:50 current lr: [3.200000000000001e-07]
  0%|          | 0/7 [00:00<?, ?it/s] 57%|#####7    | 4/7 [00:00<00:00, 38.56it/s]100%|##########| 7/7 [00:00<00:00, 38.04it/s]
04-14 08:34:50 Train-Loss Source Classifier: 0.0782
04-14 08:34:50 Train-Loss CORAL: 0.2115
04-14 08:34:50 Train-Acc Source Data: 1.0000
  0%|          | 0/8 [00:00<?, ?it/s]100%|##########| 8/8 [00:00<00:00, 161.76it/s]
04-14 08:34:50 Val-Acc Target Data: 0.3117
04-14 08:34:50 The best model epoch 10, val-acc 0.3879
04-14 08:34:50 -----Epoch 57/100-----
04-14 08:34:50 current lr: [3.200000000000001e-07]
  0%|          | 0/7 [00:00<?, ?it/s] 57%|#####7    | 4/7 [00:00<00:00, 37.72it/s]100%|##########| 7/7 [00:00<00:00, 36.99it/s]
04-14 08:34:50 Train-Loss Source Classifier: 0.0838
04-14 08:34:50 Train-Loss CORAL: 0.2187
04-14 08:34:50 Train-Acc Source Data: 1.0000
  0%|          | 0/8 [00:00<?, ?it/s]100%|##########| 8/8 [00:00<00:00, 162.64it/s]
04-14 08:34:50 Val-Acc Target Data: 0.2961
04-14 08:34:50 The best model epoch 10, val-acc 0.3879
04-14 08:34:50 -----Epoch 58/100-----
04-14 08:34:50 current lr: [3.200000000000001e-07]
  0%|          | 0/7 [00:00<?, ?it/s] 57%|#####7    | 4/7 [00:00<00:00, 38.93it/s]100%|##########| 7/7 [00:00<00:00, 37.69it/s]
04-14 08:34:51 Train-Loss Source Classifier: 0.0824
04-14 08:34:51 Train-Loss CORAL: 0.2122
04-14 08:34:51 Train-Acc Source Data: 1.0000
  0%|          | 0/8 [00:00<?, ?it/s]100%|##########| 8/8 [00:00<00:00, 158.68it/s]
04-14 08:34:51 Val-Acc Target Data: 0.3098
04-14 08:34:51 The best model epoch 10, val-acc 0.3879
04-14 08:34:51 -----Epoch 59/100-----
04-14 08:34:51 current lr: [3.200000000000001e-07]
  0%|          | 0/7 [00:00<?, ?it/s] 57%|#####7    | 4/7 [00:00<00:00, 38.91it/s]100%|##########| 7/7 [00:00<00:00, 37.33it/s]
04-14 08:34:51 Train-Loss Source Classifier: 0.0778
04-14 08:34:51 Train-Loss CORAL: 0.2202
04-14 08:34:51 Train-Acc Source Data: 1.0000
  0%|          | 0/8 [00:00<?, ?it/s]100%|##########| 8/8 [00:00<00:00, 164.92it/s]
04-14 08:34:51 Val-Acc Target Data: 0.3117
04-14 08:34:51 The best model epoch 10, val-acc 0.3879
04-14 08:34:51 -----Epoch 60/100-----
04-14 08:34:51 current lr: [3.200000000000001e-07]
  0%|          | 0/7 [00:00<?, ?it/s] 57%|#####7    | 4/7 [00:00<00:00, 38.59it/s]100%|##########| 7/7 [00:00<00:00, 37.30it/s]
04-14 08:34:51 Train-Loss Source Classifier: 0.0822
04-14 08:34:51 Train-Loss CORAL: 0.2101
04-14 08:34:51 Train-Acc Source Data: 1.0000
  0%|          | 0/8 [00:00<?, ?it/s]100%|##########| 8/8 [00:00<00:00, 164.79it/s]
04-14 08:34:51 Val-Acc Target Data: 0.3117
04-14 08:34:51 The best model epoch 10, val-acc 0.3879
04-14 08:34:51 -----Epoch 61/100-----
04-14 08:34:51 current lr: [6.400000000000003e-08]
  0%|          | 0/7 [00:00<?, ?it/s] 57%|#####7    | 4/7 [00:00<00:00, 37.19it/s]100%|##########| 7/7 [00:00<00:00, 36.63it/s]
04-14 08:34:51 Train-Loss Source Classifier: 0.0818
04-14 08:34:51 Train-Loss CORAL: 0.2157
04-14 08:34:51 Train-Acc Source Data: 1.0000
  0%|          | 0/8 [00:00<?, ?it/s]100%|##########| 8/8 [00:00<00:00, 165.36it/s]
04-14 08:34:51 Val-Acc Target Data: 0.3020
04-14 08:34:51 The best model epoch 10, val-acc 0.3879
04-14 08:34:51 -----Epoch 62/100-----
04-14 08:34:51 current lr: [6.400000000000003e-08]
  0%|          | 0/7 [00:00<?, ?it/s] 57%|#####7    | 4/7 [00:00<00:00, 38.96it/s]100%|##########| 7/7 [00:00<00:00, 37.59it/s]
04-14 08:34:52 Train-Loss Source Classifier: 0.0834
04-14 08:34:52 Train-Loss CORAL: 0.2162
04-14 08:34:52 Train-Acc Source Data: 1.0000
  0%|          | 0/8 [00:00<?, ?it/s]100%|##########| 8/8 [00:00<00:00, 165.10it/s]
04-14 08:34:52 Val-Acc Target Data: 0.3020
04-14 08:34:52 The best model epoch 10, val-acc 0.3879
04-14 08:34:52 -----Epoch 63/100-----
04-14 08:34:52 current lr: [6.400000000000003e-08]
  0%|          | 0/7 [00:00<?, ?it/s] 57%|#####7    | 4/7 [00:00<00:00, 37.72it/s]100%|##########| 7/7 [00:00<00:00, 37.54it/s]
04-14 08:34:52 Train-Loss Source Classifier: 0.0799
04-14 08:34:52 Train-Loss CORAL: 0.2202
04-14 08:34:52 Train-Acc Source Data: 1.0000
  0%|          | 0/8 [00:00<?, ?it/s]100%|##########| 8/8 [00:00<00:00, 157.85it/s]
04-14 08:34:52 Val-Acc Target Data: 0.3059
04-14 08:34:52 The best model epoch 10, val-acc 0.3879
04-14 08:34:52 -----Epoch 64/100-----
04-14 08:34:52 current lr: [6.400000000000003e-08]
  0%|          | 0/7 [00:00<?, ?it/s] 57%|#####7    | 4/7 [00:00<00:00, 38.28it/s]100%|##########| 7/7 [00:00<00:00, 37.26it/s]
04-14 08:34:52 Train-Loss Source Classifier: 0.0855
04-14 08:34:52 Train-Loss CORAL: 0.2201
04-14 08:34:52 Train-Acc Source Data: 0.9978
  0%|          | 0/8 [00:00<?, ?it/s]100%|##########| 8/8 [00:00<00:00, 163.84it/s]
04-14 08:34:52 Val-Acc Target Data: 0.3098
04-14 08:34:52 The best model epoch 10, val-acc 0.3879
04-14 08:34:52 -----Epoch 65/100-----
04-14 08:34:52 current lr: [6.400000000000003e-08]
  0%|          | 0/7 [00:00<?, ?it/s] 57%|#####7    | 4/7 [00:00<00:00, 38.88it/s]100%|##########| 7/7 [00:00<00:00, 37.61it/s]
04-14 08:34:52 Train-Loss Source Classifier: 0.0795
04-14 08:34:52 Train-Loss CORAL: 0.2085
04-14 08:34:52 Train-Acc Source Data: 1.0000
  0%|          | 0/8 [00:00<?, ?it/s]100%|##########| 8/8 [00:00<00:00, 163.36it/s]
04-14 08:34:52 Val-Acc Target Data: 0.3137
04-14 08:34:52 The best model epoch 10, val-acc 0.3879
04-14 08:34:52 -----Epoch 66/100-----
04-14 08:34:52 current lr: [6.400000000000003e-08]
  0%|          | 0/7 [00:00<?, ?it/s] 57%|#####7    | 4/7 [00:00<00:00, 38.11it/s]100%|##########| 7/7 [00:00<00:00, 37.22it/s]
04-14 08:34:53 Train-Loss Source Classifier: 0.0834
04-14 08:34:53 Train-Loss CORAL: 0.2230
04-14 08:34:53 Train-Acc Source Data: 1.0000
  0%|          | 0/8 [00:00<?, ?it/s]100%|##########| 8/8 [00:00<00:00, 150.65it/s]
04-14 08:34:53 Val-Acc Target Data: 0.3039
04-14 08:34:53 The best model epoch 10, val-acc 0.3879
04-14 08:34:53 -----Epoch 67/100-----
04-14 08:34:53 current lr: [6.400000000000003e-08]
  0%|          | 0/7 [00:00<?, ?it/s] 57%|#####7    | 4/7 [00:00<00:00, 38.18it/s]100%|##########| 7/7 [00:00<00:00, 37.07it/s]
04-14 08:34:53 Train-Loss Source Classifier: 0.0791
04-14 08:34:53 Train-Loss CORAL: 0.2133
04-14 08:34:53 Train-Acc Source Data: 1.0000
  0%|          | 0/8 [00:00<?, ?it/s]100%|##########| 8/8 [00:00<00:00, 164.66it/s]
04-14 08:34:53 Val-Acc Target Data: 0.3020
04-14 08:34:53 The best model epoch 10, val-acc 0.3879
04-14 08:34:53 -----Epoch 68/100-----
04-14 08:34:53 current lr: [6.400000000000003e-08]
  0%|          | 0/7 [00:00<?, ?it/s] 57%|#####7    | 4/7 [00:00<00:00, 39.08it/s]100%|##########| 7/7 [00:00<00:00, 37.50it/s]
04-14 08:34:53 Train-Loss Source Classifier: 0.0820
04-14 08:34:53 Train-Loss CORAL: 0.2150
04-14 08:34:53 Train-Acc Source Data: 1.0000
  0%|          | 0/8 [00:00<?, ?it/s]100%|##########| 8/8 [00:00<00:00, 164.30it/s]
04-14 08:34:53 Val-Acc Target Data: 0.3176
04-14 08:34:53 The best model epoch 10, val-acc 0.3879
04-14 08:34:53 -----Epoch 69/100-----
04-14 08:34:53 current lr: [6.400000000000003e-08]
  0%|          | 0/7 [00:00<?, ?it/s] 57%|#####7    | 4/7 [00:00<00:00, 39.79it/s]100%|##########| 7/7 [00:00<00:00, 38.22it/s]
04-14 08:34:53 Train-Loss Source Classifier: 0.0859
04-14 08:34:53 Train-Loss CORAL: 0.2108
04-14 08:34:53 Train-Acc Source Data: 0.9978
  0%|          | 0/8 [00:00<?, ?it/s]100%|##########| 8/8 [00:00<00:00, 161.02it/s]
04-14 08:34:53 Val-Acc Target Data: 0.3117
04-14 08:34:53 The best model epoch 10, val-acc 0.3879
04-14 08:34:53 -----Epoch 70/100-----
04-14 08:34:53 current lr: [6.400000000000003e-08]
  0%|          | 0/7 [00:00<?, ?it/s] 71%|#######1  | 5/7 [00:00<00:00, 39.61it/s]100%|##########| 7/7 [00:00<00:00, 37.75it/s]
04-14 08:34:54 Train-Loss Source Classifier: 0.0772
04-14 08:34:54 Train-Loss CORAL: 0.2169
04-14 08:34:54 Train-Acc Source Data: 1.0000
  0%|          | 0/8 [00:00<?, ?it/s]100%|##########| 8/8 [00:00<00:00, 157.86it/s]
04-14 08:34:54 Val-Acc Target Data: 0.3098
04-14 08:34:54 The best model epoch 10, val-acc 0.3879
04-14 08:34:54 -----Epoch 71/100-----
04-14 08:34:54 current lr: [1.2800000000000007e-08]
  0%|          | 0/7 [00:00<?, ?it/s] 57%|#####7    | 4/7 [00:00<00:00, 38.84it/s]100%|##########| 7/7 [00:00<00:00, 37.47it/s]
04-14 08:34:54 Train-Loss Source Classifier: 0.0863
04-14 08:34:54 Train-Loss CORAL: 0.2148
04-14 08:34:54 Train-Acc Source Data: 0.9978
  0%|          | 0/8 [00:00<?, ?it/s]100%|##########| 8/8 [00:00<00:00, 164.66it/s]
04-14 08:34:54 Val-Acc Target Data: 0.2980
04-14 08:34:54 The best model epoch 10, val-acc 0.3879
04-14 08:34:54 -----Epoch 72/100-----
