04-11 13:21:43 imba: True
04-11 13:21:43 model_name: ACDANN
04-11 13:21:43 Domain: CWRU_imba
04-11 13:21:43 source: CWRU_0
04-11 13:21:43 target: CWRU_1
04-11 13:21:43 data_dir: ./datasets
04-11 13:21:43 train_mode: single_source
04-11 13:21:43 cuda_device: 0
04-11 13:21:43 save_dir: ./ckpt
04-11 13:21:43 max_epoch: 50
04-11 13:21:43 batch_size: 64
04-11 13:21:43 num_workers: 0
04-11 13:21:43 signal_size: 2048
04-11 13:21:43 random_state: 2024
04-11 13:21:43 normlizetype: mean-std
04-11 13:21:43 opt: sgd
04-11 13:21:43 lr: 0.001
04-11 13:21:43 momentum: 0.9
04-11 13:21:43 betas: (0.9, 0.999)
04-11 13:21:43 weight_decay: 0.0005
04-11 13:21:43 lr_scheduler: stepLR
04-11 13:21:43 gamma: 0.2
04-11 13:21:43 steps: 10
04-11 13:21:43 tradeoff: ['exp', 'exp', 'exp']
04-11 13:21:43 dropout: 0.0
04-11 13:21:43 save: False
04-11 13:21:43 load_path: 
04-11 13:21:43 save_path: ./ckpt/ACDANN/single_source/[CWRU_0]To[CWRU_1]_0411-132143
04-11 13:21:43 Detect 4 classes: ['ball', 'inner', 'normal', 'outer']
04-11 13:21:43 using 1 / 1 gpus
Training data length: 759
Testing data length: 380
Source Data Distribution:04-11 13:21:46 Source set CWRU_0 number of samples 1044.
+--------------+---------+
| Label        |   Count |
|--------------+---------|
| 0            |     261 |
| 1            |     261 |
| 2            |     261 |
| 3            |     261 |
| Dataset Size |    1044 |
+--------------+---------+

Training data length: 757
Testing data length: 379
04-11 13:21:46 target training set number of samples 177.Target Data Distribution:

04-11 13:21:46 target validation set number of samples 348.
+--------------+---------+-------+
|              |   train |   val |
|--------------+---------+-------|
| 0            |       1 |    87 |
| 1            |       1 |    87 |
| 2            |     174 |    87 |
| 3            |       1 |    87 |
| Dataset Size |     177 |   348 |
+--------------+---------+-------+
04-11 13:21:46 -----Epoch 1/50-----
04-11 13:21:46 current lr: [0.001, 0.001]
  0%|          | 0/2 [00:00<?, ?it/s]100%|##########| 2/2 [00:00<00:00, 20.69it/s]
04-11 13:21:46 Train-Loss Source Classifier: 1.3863
04-11 13:21:46 Train-Loss Discriminator: 0.6905
04-11 13:21:46 Train-Acc Source Data: 0.2734
04-11 13:21:46 Train-Acc Discriminator: 0.5352
  0%|          | 0/5 [00:00<?, ?it/s]100%|##########| 5/5 [00:00<00:00, 155.31it/s]
04-11 13:21:46 Val-Acc Target Data: 0.2719
04-11 13:21:46 The best model epoch 1, val-acc 0.2719
04-11 13:21:46 -----Epoch 2/50-----
04-11 13:21:46 current lr: [0.001, 0.001]
  0%|          | 0/2 [00:00<?, ?it/s]100%|##########| 2/2 [00:00<00:00, 35.57it/s]
04-11 13:21:46 Train-Loss Source Classifier: 1.3547
04-11 13:21:46 Train-Loss Discriminator: 0.6909
04-11 13:21:46 Train-Acc Source Data: 0.4844
04-11 13:21:46 Train-Acc Discriminator: 0.5234
  0%|          | 0/5 [00:00<?, ?it/s]100%|##########| 5/5 [00:00<00:00, 156.47it/s]
04-11 13:21:46 Val-Acc Target Data: 0.2719
04-11 13:21:46 The best model epoch 2, val-acc 0.2719
04-11 13:21:46 -----Epoch 3/50-----
04-11 13:21:46 current lr: [0.001, 0.001]
  0%|          | 0/2 [00:00<?, ?it/s]100%|##########| 2/2 [00:00<00:00, 36.27it/s]
04-11 13:21:47 Train-Loss Source Classifier: 1.3154
04-11 13:21:47 Train-Loss Discriminator: 0.6895
04-11 13:21:47 Train-Acc Source Data: 0.4844
04-11 13:21:47 Train-Acc Discriminator: 0.5742
  0%|          | 0/5 [00:00<?, ?it/s]100%|##########| 5/5 [00:00<00:00, 154.96it/s]
04-11 13:21:47 Val-Acc Target Data: 0.2719
04-11 13:21:47 The best model epoch 3, val-acc 0.2719
04-11 13:21:47 -----Epoch 4/50-----
04-11 13:21:47 current lr: [0.001, 0.001]
  0%|          | 0/2 [00:00<?, ?it/s]100%|##########| 2/2 [00:00<00:00, 34.42it/s]
04-11 13:21:47 Train-Loss Source Classifier: 1.2866
04-11 13:21:47 Train-Loss Discriminator: 0.6875
04-11 13:21:47 Train-Acc Source Data: 0.4688
04-11 13:21:47 Train-Acc Discriminator: 0.5859
  0%|          | 0/5 [00:00<?, ?it/s]100%|##########| 5/5 [00:00<00:00, 158.07it/s]
04-11 13:21:47 Val-Acc Target Data: 0.2719
04-11 13:21:47 The best model epoch 4, val-acc 0.2719
04-11 13:21:47 -----Epoch 5/50-----
04-11 13:21:47 current lr: [0.001, 0.001]
  0%|          | 0/2 [00:00<?, ?it/s]100%|##########| 2/2 [00:00<00:00, 39.27it/s]
04-11 13:21:47 Train-Loss Source Classifier: 1.2399
04-11 13:21:47 Train-Loss Discriminator: 0.6833
04-11 13:21:47 Train-Acc Source Data: 0.4141
04-11 13:21:47 Train-Acc Discriminator: 0.5664
  0%|          | 0/5 [00:00<?, ?it/s]100%|##########| 5/5 [00:00<00:00, 159.64it/s]
04-11 13:21:47 Val-Acc Target Data: 0.3344
04-11 13:21:47 The best model epoch 5, val-acc 0.3344
04-11 13:21:47 -----Epoch 6/50-----
04-11 13:21:47 current lr: [0.001, 0.001]
  0%|          | 0/2 [00:00<?, ?it/s]100%|##########| 2/2 [00:00<00:00, 37.68it/s]
04-11 13:21:47 Train-Loss Source Classifier: 1.2185
04-11 13:21:47 Train-Loss Discriminator: 0.6753
04-11 13:21:47 Train-Acc Source Data: 0.4453
04-11 13:21:47 Train-Acc Discriminator: 0.5352
  0%|          | 0/5 [00:00<?, ?it/s]100%|##########| 5/5 [00:00<00:00, 159.98it/s]
04-11 13:21:47 Val-Acc Target Data: 0.3719
04-11 13:21:47 The best model epoch 6, val-acc 0.3719
04-11 13:21:47 -----Epoch 7/50-----
04-11 13:21:47 current lr: [0.001, 0.001]
  0%|          | 0/2 [00:00<?, ?it/s]100%|##########| 2/2 [00:00<00:00, 35.85it/s]
04-11 13:21:47 Train-Loss Source Classifier: 1.1657
04-11 13:21:47 Train-Loss Discriminator: 0.6672
04-11 13:21:47 Train-Acc Source Data: 0.6719
04-11 13:21:47 Train-Acc Discriminator: 0.5117
  0%|          | 0/5 [00:00<?, ?it/s]100%|##########| 5/5 [00:00<00:00, 160.80it/s]
04-11 13:21:47 Val-Acc Target Data: 0.4188
04-11 13:21:47 The best model epoch 7, val-acc 0.4188
04-11 13:21:47 -----Epoch 8/50-----
04-11 13:21:47 current lr: [0.001, 0.001]
  0%|          | 0/2 [00:00<?, ?it/s]100%|##########| 2/2 [00:00<00:00, 34.45it/s]
04-11 13:21:47 Train-Loss Source Classifier: 1.1067
04-11 13:21:47 Train-Loss Discriminator: 0.6545
04-11 13:21:47 Train-Acc Source Data: 0.7734
04-11 13:21:47 Train-Acc Discriminator: 0.5508
  0%|          | 0/5 [00:00<?, ?it/s]100%|##########| 5/5 [00:00<00:00, 158.20it/s]
04-11 13:21:47 Val-Acc Target Data: 0.4531
04-11 13:21:47 The best model epoch 8, val-acc 0.4531
04-11 13:21:47 -----Epoch 9/50-----
04-11 13:21:47 current lr: [0.001, 0.001]
  0%|          | 0/2 [00:00<?, ?it/s]100%|##########| 2/2 [00:00<00:00, 34.55it/s]
04-11 13:21:47 Train-Loss Source Classifier: 1.0790
04-11 13:21:47 Train-Loss Discriminator: 0.6355
04-11 13:21:47 Train-Acc Source Data: 0.6172
04-11 13:21:47 Train-Acc Discriminator: 0.6914
  0%|          | 0/5 [00:00<?, ?it/s]100%|##########| 5/5 [00:00<00:00, 137.11it/s]
04-11 13:21:47 Val-Acc Target Data: 0.4875
04-11 13:21:47 The best model epoch 9, val-acc 0.4875
04-11 13:21:47 -----Epoch 10/50-----
04-11 13:21:47 current lr: [0.001, 0.001]
  0%|          | 0/2 [00:00<?, ?it/s]100%|##########| 2/2 [00:00<00:00, 35.71it/s]
04-11 13:21:47 Train-Loss Source Classifier: 1.0352
04-11 13:21:47 Train-Loss Discriminator: 0.6051
04-11 13:21:47 Train-Acc Source Data: 0.6172
04-11 13:21:47 Train-Acc Discriminator: 0.9375
  0%|          | 0/5 [00:00<?, ?it/s]100%|##########| 5/5 [00:00<00:00, 159.69it/s]
04-11 13:21:47 Val-Acc Target Data: 0.6250
04-11 13:21:47 The best model epoch 10, val-acc 0.6250
04-11 13:21:47 -----Epoch 11/50-----
04-11 13:21:47 current lr: [0.0002, 0.0002]
  0%|          | 0/2 [00:00<?, ?it/s]100%|##########| 2/2 [00:00<00:00, 39.07it/s]
04-11 13:21:47 Train-Loss Source Classifier: 0.9899
04-11 13:21:47 Train-Loss Discriminator: 0.5746
04-11 13:21:47 Train-Acc Source Data: 0.5938
04-11 13:21:47 Train-Acc Discriminator: 0.9414
  0%|          | 0/5 [00:00<?, ?it/s]100%|##########| 5/5 [00:00<00:00, 159.14it/s]
04-11 13:21:47 Val-Acc Target Data: 0.7656
04-11 13:21:47 The best model epoch 11, val-acc 0.7656
04-11 13:21:47 -----Epoch 12/50-----
04-11 13:21:47 current lr: [0.0002, 0.0002]
  0%|          | 0/2 [00:00<?, ?it/s]100%|##########| 2/2 [00:00<00:00, 39.53it/s]
04-11 13:21:47 Train-Loss Source Classifier: 1.0116
04-11 13:21:47 Train-Loss Discriminator: 0.5605
04-11 13:21:47 Train-Acc Source Data: 0.5625
04-11 13:21:47 Train-Acc Discriminator: 0.9375
  0%|          | 0/5 [00:00<?, ?it/s]100%|##########| 5/5 [00:00<00:00, 159.51it/s]
04-11 13:21:47 Val-Acc Target Data: 0.8156
04-11 13:21:47 The best model epoch 12, val-acc 0.8156
04-11 13:21:47 -----Epoch 13/50-----
04-11 13:21:47 current lr: [0.0002, 0.0002]
  0%|          | 0/2 [00:00<?, ?it/s]100%|##########| 2/2 [00:00<00:00, 41.20it/s]
04-11 13:21:48 Train-Loss Source Classifier: 0.9171
04-11 13:21:48 Train-Loss Discriminator: 0.5832
04-11 13:21:48 Train-Acc Source Data: 0.7422
04-11 13:21:48 Train-Acc Discriminator: 0.8555
  0%|          | 0/5 [00:00<?, ?it/s]100%|##########| 5/5 [00:00<00:00, 159.41it/s]
04-11 13:21:48 Val-Acc Target Data: 0.8344
04-11 13:21:48 The best model epoch 13, val-acc 0.8344
04-11 13:21:48 -----Epoch 14/50-----
04-11 13:21:48 current lr: [0.0002, 0.0002]
  0%|          | 0/2 [00:00<?, ?it/s]100%|##########| 2/2 [00:00<00:00, 38.13it/s]
04-11 13:21:48 Train-Loss Source Classifier: 0.9573
04-11 13:21:48 Train-Loss Discriminator: 0.5567
04-11 13:21:48 Train-Acc Source Data: 0.7891
04-11 13:21:48 Train-Acc Discriminator: 0.9023
  0%|          | 0/5 [00:00<?, ?it/s]100%|##########| 5/5 [00:00<00:00, 147.84it/s]
04-11 13:21:48 Val-Acc Target Data: 0.8375
04-11 13:21:48 The best model epoch 14, val-acc 0.8375
04-11 13:21:48 -----Epoch 15/50-----
04-11 13:21:48 current lr: [0.0002, 0.0002]
  0%|          | 0/2 [00:00<?, ?it/s]100%|##########| 2/2 [00:00<00:00, 40.16it/s]
04-11 13:21:48 Train-Loss Source Classifier: 0.9606
04-11 13:21:48 Train-Loss Discriminator: 0.5455
04-11 13:21:48 Train-Acc Source Data: 0.8281
04-11 13:21:48 Train-Acc Discriminator: 0.8789
  0%|          | 0/5 [00:00<?, ?it/s]100%|##########| 5/5 [00:00<00:00, 143.21it/s]
04-11 13:21:48 Val-Acc Target Data: 0.8375
04-11 13:21:48 The best model epoch 15, val-acc 0.8375
04-11 13:21:48 -----Epoch 16/50-----
04-11 13:21:48 current lr: [0.0002, 0.0002]
  0%|          | 0/2 [00:00<?, ?it/s]100%|##########| 2/2 [00:00<00:00, 36.51it/s]
04-11 13:21:48 Train-Loss Source Classifier: 0.9217
04-11 13:21:48 Train-Loss Discriminator: 0.5307
04-11 13:21:48 Train-Acc Source Data: 0.9141
04-11 13:21:48 Train-Acc Discriminator: 0.8984
  0%|          | 0/5 [00:00<?, ?it/s]100%|##########| 5/5 [00:00<00:00, 160.77it/s]
04-11 13:21:48 Val-Acc Target Data: 0.8375
04-11 13:21:48 The best model epoch 16, val-acc 0.8375
04-11 13:21:48 -----Epoch 17/50-----
04-11 13:21:48 current lr: [0.0002, 0.0002]
  0%|          | 0/2 [00:00<?, ?it/s]100%|##########| 2/2 [00:00<00:00, 40.14it/s]
04-11 13:21:48 Train-Loss Source Classifier: 0.9927
04-11 13:21:48 Train-Loss Discriminator: 0.5102
04-11 13:21:48 Train-Acc Source Data: 0.8672
04-11 13:21:48 Train-Acc Discriminator: 0.9336
  0%|          | 0/5 [00:00<?, ?it/s]100%|##########| 5/5 [00:00<00:00, 159.39it/s]
04-11 13:21:48 Val-Acc Target Data: 0.8313
04-11 13:21:48 The best model epoch 16, val-acc 0.8375
04-11 13:21:48 -----Epoch 18/50-----
04-11 13:21:48 current lr: [0.0002, 0.0002]
  0%|          | 0/2 [00:00<?, ?it/s]100%|##########| 2/2 [00:00<00:00, 34.75it/s]
04-11 13:21:48 Train-Loss Source Classifier: 0.9102
04-11 13:21:48 Train-Loss Discriminator: 0.5104
04-11 13:21:48 Train-Acc Source Data: 0.8672
04-11 13:21:48 Train-Acc Discriminator: 0.8828
  0%|          | 0/5 [00:00<?, ?it/s]100%|##########| 5/5 [00:00<00:00, 159.04it/s]
04-11 13:21:48 Val-Acc Target Data: 0.8219
04-11 13:21:48 The best model epoch 16, val-acc 0.8375
04-11 13:21:48 -----Epoch 19/50-----
04-11 13:21:48 current lr: [0.0002, 0.0002]
  0%|          | 0/2 [00:00<?, ?it/s]100%|##########| 2/2 [00:00<00:00, 35.81it/s]
04-11 13:21:48 Train-Loss Source Classifier: 0.8950
04-11 13:21:48 Train-Loss Discriminator: 0.4917
04-11 13:21:48 Train-Acc Source Data: 0.9062
04-11 13:21:48 Train-Acc Discriminator: 0.9023
  0%|          | 0/5 [00:00<?, ?it/s]100%|##########| 5/5 [00:00<00:00, 150.84it/s]
04-11 13:21:48 Val-Acc Target Data: 0.8313
04-11 13:21:48 The best model epoch 16, val-acc 0.8375
04-11 13:21:48 -----Epoch 20/50-----
04-11 13:21:48 current lr: [0.0002, 0.0002]
  0%|          | 0/2 [00:00<?, ?it/s]100%|##########| 2/2 [00:00<00:00, 38.71it/s]
04-11 13:21:48 Train-Loss Source Classifier: 0.8641
04-11 13:21:48 Train-Loss Discriminator: 0.4980
04-11 13:21:48 Train-Acc Source Data: 0.8984
04-11 13:21:48 Train-Acc Discriminator: 0.8789
  0%|          | 0/5 [00:00<?, ?it/s]100%|##########| 5/5 [00:00<00:00, 151.32it/s]
04-11 13:21:48 Val-Acc Target Data: 0.8375
04-11 13:21:48 The best model epoch 20, val-acc 0.8375
04-11 13:21:48 -----Epoch 21/50-----
04-11 13:21:48 current lr: [4e-05, 4e-05]
  0%|          | 0/2 [00:00<?, ?it/s]100%|##########| 2/2 [00:00<00:00, 35.37it/s]
04-11 13:21:48 Train-Loss Source Classifier: 0.8772
04-11 13:21:48 Train-Loss Discriminator: 0.4793
04-11 13:21:48 Train-Acc Source Data: 0.8828
04-11 13:21:48 Train-Acc Discriminator: 0.8789
  0%|          | 0/5 [00:00<?, ?it/s]100%|##########| 5/5 [00:00<00:00, 159.81it/s]
04-11 13:21:48 Val-Acc Target Data: 0.8406
04-11 13:21:48 The best model epoch 21, val-acc 0.8406
04-11 13:21:48 -----Epoch 22/50-----
04-11 13:21:48 current lr: [4e-05, 4e-05]
  0%|          | 0/2 [00:00<?, ?it/s]100%|##########| 2/2 [00:00<00:00, 37.65it/s]
04-11 13:21:48 Train-Loss Source Classifier: 0.8756
04-11 13:21:48 Train-Loss Discriminator: 0.4666
04-11 13:21:48 Train-Acc Source Data: 0.9062
04-11 13:21:48 Train-Acc Discriminator: 0.8945
  0%|          | 0/5 [00:00<?, ?it/s]100%|##########| 5/5 [00:00<00:00, 154.57it/s]
04-11 13:21:48 Val-Acc Target Data: 0.8406
04-11 13:21:48 The best model epoch 22, val-acc 0.8406
04-11 13:21:48 -----Epoch 23/50-----
04-11 13:21:48 current lr: [4e-05, 4e-05]
  0%|          | 0/2 [00:00<?, ?it/s]100%|##########| 2/2 [00:00<00:00, 33.37it/s]
04-11 13:21:48 Train-Loss Source Classifier: 0.8820
04-11 13:21:48 Train-Loss Discriminator: 0.4846
04-11 13:21:48 Train-Acc Source Data: 0.8516
04-11 13:21:48 Train-Acc Discriminator: 0.8711
  0%|          | 0/5 [00:00<?, ?it/s]100%|##########| 5/5 [00:00<00:00, 156.36it/s]
04-11 13:21:49 Val-Acc Target Data: 0.8500
04-11 13:21:49 The best model epoch 23, val-acc 0.8500
04-11 13:21:49 -----Epoch 24/50-----
04-11 13:21:49 current lr: [4e-05, 4e-05]
  0%|          | 0/2 [00:00<?, ?it/s]100%|##########| 2/2 [00:00<00:00, 36.39it/s]
04-11 13:21:49 Train-Loss Source Classifier: 0.8466
04-11 13:21:49 Train-Loss Discriminator: 0.4714
04-11 13:21:49 Train-Acc Source Data: 0.8984
04-11 13:21:49 Train-Acc Discriminator: 0.8828
  0%|          | 0/5 [00:00<?, ?it/s]100%|##########| 5/5 [00:00<00:00, 142.18it/s]
04-11 13:21:49 Val-Acc Target Data: 0.8531
04-11 13:21:49 The best model epoch 24, val-acc 0.8531
04-11 13:21:49 -----Epoch 25/50-----
04-11 13:21:49 current lr: [4e-05, 4e-05]
  0%|          | 0/2 [00:00<?, ?it/s]100%|##########| 2/2 [00:00<00:00, 39.30it/s]
04-11 13:21:49 Train-Loss Source Classifier: 0.8549
04-11 13:21:49 Train-Loss Discriminator: 0.4666
04-11 13:21:49 Train-Acc Source Data: 0.9062
04-11 13:21:49 Train-Acc Discriminator: 0.8984
  0%|          | 0/5 [00:00<?, ?it/s]100%|##########| 5/5 [00:00<00:00, 158.08it/s]
04-11 13:21:49 Val-Acc Target Data: 0.8469
04-11 13:21:49 The best model epoch 24, val-acc 0.8531
04-11 13:21:49 -----Epoch 26/50-----
04-11 13:21:49 current lr: [4e-05, 4e-05]
  0%|          | 0/2 [00:00<?, ?it/s]100%|##########| 2/2 [00:00<00:00, 36.81it/s]
04-11 13:21:49 Train-Loss Source Classifier: 0.8442
04-11 13:21:49 Train-Loss Discriminator: 0.4911
04-11 13:21:49 Train-Acc Source Data: 0.8828
04-11 13:21:49 Train-Acc Discriminator: 0.8477
  0%|          | 0/5 [00:00<?, ?it/s]100%|##########| 5/5 [00:00<00:00, 159.82it/s]
04-11 13:21:49 Val-Acc Target Data: 0.8438
04-11 13:21:49 The best model epoch 24, val-acc 0.8531
04-11 13:21:49 -----Epoch 27/50-----
04-11 13:21:49 current lr: [4e-05, 4e-05]
  0%|          | 0/2 [00:00<?, ?it/s]100%|##########| 2/2 [00:00<00:00, 40.07it/s]
04-11 13:21:49 Train-Loss Source Classifier: 0.9090
04-11 13:21:49 Train-Loss Discriminator: 0.4396
04-11 13:21:49 Train-Acc Source Data: 0.8828
04-11 13:21:49 Train-Acc Discriminator: 0.9219
  0%|          | 0/5 [00:00<?, ?it/s]100%|##########| 5/5 [00:00<00:00, 160.17it/s]
04-11 13:21:49 Val-Acc Target Data: 0.8406
04-11 13:21:49 The best model epoch 24, val-acc 0.8531
04-11 13:21:49 -----Epoch 28/50-----
04-11 13:21:49 current lr: [4e-05, 4e-05]
  0%|          | 0/2 [00:00<?, ?it/s]100%|##########| 2/2 [00:00<00:00, 37.94it/s]
04-11 13:21:49 Train-Loss Source Classifier: 0.8364
04-11 13:21:49 Train-Loss Discriminator: 0.4690
04-11 13:21:49 Train-Acc Source Data: 0.8984
04-11 13:21:49 Train-Acc Discriminator: 0.8555
  0%|          | 0/5 [00:00<?, ?it/s]100%|##########| 5/5 [00:00<00:00, 159.37it/s]
04-11 13:21:49 Val-Acc Target Data: 0.8438
04-11 13:21:49 The best model epoch 24, val-acc 0.8531
04-11 13:21:49 -----Epoch 29/50-----
04-11 13:21:49 current lr: [4e-05, 4e-05]
  0%|          | 0/2 [00:00<?, ?it/s]100%|##########| 2/2 [00:00<00:00, 41.03it/s]
04-11 13:21:49 Train-Loss Source Classifier: 0.8644
04-11 13:21:49 Train-Loss Discriminator: 0.4766
04-11 13:21:49 Train-Acc Source Data: 0.8672
04-11 13:21:49 Train-Acc Discriminator: 0.8516
  0%|          | 0/5 [00:00<?, ?it/s]100%|##########| 5/5 [00:00<00:00, 159.22it/s]
04-11 13:21:49 Val-Acc Target Data: 0.8438
04-11 13:21:49 The best model epoch 24, val-acc 0.8531
04-11 13:21:49 -----Epoch 30/50-----
04-11 13:21:49 current lr: [4e-05, 4e-05]
  0%|          | 0/2 [00:00<?, ?it/s]100%|##########| 2/2 [00:00<00:00, 38.19it/s]
04-11 13:21:49 Train-Loss Source Classifier: 0.8449
04-11 13:21:49 Train-Loss Discriminator: 0.4638
04-11 13:21:49 Train-Acc Source Data: 0.8984
04-11 13:21:49 Train-Acc Discriminator: 0.8789
  0%|          | 0/5 [00:00<?, ?it/s]100%|##########| 5/5 [00:00<00:00, 150.11it/s]
04-11 13:21:49 Val-Acc Target Data: 0.8438
04-11 13:21:49 The best model epoch 24, val-acc 0.8531
04-11 13:21:49 -----Epoch 31/50-----
04-11 13:21:49 current lr: [8.000000000000001e-06, 8.000000000000001e-06]
  0%|          | 0/2 [00:00<?, ?it/s]100%|##########| 2/2 [00:00<00:00, 35.91it/s]
04-11 13:21:49 Train-Loss Source Classifier: 0.8666
04-11 13:21:49 Train-Loss Discriminator: 0.4625
04-11 13:21:49 Train-Acc Source Data: 0.8516
04-11 13:21:49 Train-Acc Discriminator: 0.8789
  0%|          | 0/5 [00:00<?, ?it/s]100%|##########| 5/5 [00:00<00:00, 153.12it/s]
04-11 13:21:49 Val-Acc Target Data: 0.8438
04-11 13:21:49 The best model epoch 24, val-acc 0.8531
04-11 13:21:49 -----Epoch 32/50-----
04-11 13:21:49 current lr: [8.000000000000001e-06, 8.000000000000001e-06]
  0%|          | 0/2 [00:00<?, ?it/s]100%|##########| 2/2 [00:00<00:00, 39.02it/s]
04-11 13:21:49 Train-Loss Source Classifier: 0.8862
04-11 13:21:49 Train-Loss Discriminator: 0.4609
04-11 13:21:49 Train-Acc Source Data: 0.8438
04-11 13:21:49 Train-Acc Discriminator: 0.8711
  0%|          | 0/5 [00:00<?, ?it/s]100%|##########| 5/5 [00:00<00:00, 150.96it/s]
04-11 13:21:49 Val-Acc Target Data: 0.8438
04-11 13:21:49 The best model epoch 24, val-acc 0.8531
04-11 13:21:49 -----Epoch 33/50-----
04-11 13:21:49 current lr: [8.000000000000001e-06, 8.000000000000001e-06]
  0%|          | 0/2 [00:00<?, ?it/s]100%|##########| 2/2 [00:00<00:00, 33.56it/s]
04-11 13:21:49 Train-Loss Source Classifier: 0.8425
04-11 13:21:49 Train-Loss Discriminator: 0.4579
04-11 13:21:49 Train-Acc Source Data: 0.8672
04-11 13:21:49 Train-Acc Discriminator: 0.8828
  0%|          | 0/5 [00:00<?, ?it/s]100%|##########| 5/5 [00:00<00:00, 151.30it/s]
04-11 13:21:49 Val-Acc Target Data: 0.8469
04-11 13:21:49 The best model epoch 24, val-acc 0.8531
04-11 13:21:49 -----Epoch 34/50-----
04-11 13:21:49 current lr: [8.000000000000001e-06, 8.000000000000001e-06]
  0%|          | 0/2 [00:00<?, ?it/s]100%|##########| 2/2 [00:00<00:00, 35.71it/s]
04-11 13:21:50 Train-Loss Source Classifier: 0.8281
04-11 13:21:50 Train-Loss Discriminator: 0.4650
04-11 13:21:50 Train-Acc Source Data: 0.9062
04-11 13:21:50 Train-Acc Discriminator: 0.8672
  0%|          | 0/5 [00:00<?, ?it/s]100%|##########| 5/5 [00:00<00:00, 157.42it/s]
04-11 13:21:50 Val-Acc Target Data: 0.8469
04-11 13:21:50 The best model epoch 24, val-acc 0.8531
04-11 13:21:50 -----Epoch 35/50-----
04-11 13:21:50 current lr: [8.000000000000001e-06, 8.000000000000001e-06]
  0%|          | 0/2 [00:00<?, ?it/s]100%|##########| 2/2 [00:00<00:00, 37.87it/s]
04-11 13:21:50 Train-Loss Source Classifier: 0.9032
04-11 13:21:50 Train-Loss Discriminator: 0.4450
04-11 13:21:50 Train-Acc Source Data: 0.8359
04-11 13:21:50 Train-Acc Discriminator: 0.8984
  0%|          | 0/5 [00:00<?, ?it/s]100%|##########| 5/5 [00:00<00:00, 136.31it/s]
04-11 13:21:50 Val-Acc Target Data: 0.8438
04-11 13:21:50 The best model epoch 24, val-acc 0.8531
04-11 13:21:50 -----Epoch 36/50-----
04-11 13:21:50 current lr: [8.000000000000001e-06, 8.000000000000001e-06]
  0%|          | 0/2 [00:00<?, ?it/s]100%|##########| 2/2 [00:00<00:00, 37.36it/s]
04-11 13:21:50 Train-Loss Source Classifier: 0.8500
04-11 13:21:50 Train-Loss Discriminator: 0.4484
04-11 13:21:50 Train-Acc Source Data: 0.8672
04-11 13:21:50 Train-Acc Discriminator: 0.8867
  0%|          | 0/5 [00:00<?, ?it/s]100%|##########| 5/5 [00:00<00:00, 155.78it/s]
04-11 13:21:50 Val-Acc Target Data: 0.8438
04-11 13:21:50 The best model epoch 24, val-acc 0.8531
04-11 13:21:50 -----Epoch 37/50-----
04-11 13:21:50 current lr: [8.000000000000001e-06, 8.000000000000001e-06]
  0%|          | 0/2 [00:00<?, ?it/s]100%|##########| 2/2 [00:00<00:00, 37.57it/s]
04-11 13:21:50 Train-Loss Source Classifier: 0.8752
04-11 13:21:50 Train-Loss Discriminator: 0.4236
04-11 13:21:50 Train-Acc Source Data: 0.9141
04-11 13:21:50 Train-Acc Discriminator: 0.9180
  0%|          | 0/5 [00:00<?, ?it/s]100%|##########| 5/5 [00:00<00:00, 159.82it/s]
04-11 13:21:50 Val-Acc Target Data: 0.8469
04-11 13:21:50 The best model epoch 24, val-acc 0.8531
04-11 13:21:50 -----Epoch 38/50-----
04-11 13:21:50 current lr: [8.000000000000001e-06, 8.000000000000001e-06]
  0%|          | 0/2 [00:00<?, ?it/s]100%|##########| 2/2 [00:00<00:00, 37.85it/s]
04-11 13:21:50 Train-Loss Source Classifier: 0.8241
04-11 13:21:50 Train-Loss Discriminator: 0.4794
04-11 13:21:50 Train-Acc Source Data: 0.8750
04-11 13:21:50 Train-Acc Discriminator: 0.8477
  0%|          | 0/5 [00:00<?, ?it/s]100%|##########| 5/5 [00:00<00:00, 154.59it/s]
04-11 13:21:50 Val-Acc Target Data: 0.8469
04-11 13:21:50 The best model epoch 24, val-acc 0.8531
04-11 13:21:50 -----Epoch 39/50-----
04-11 13:21:50 current lr: [8.000000000000001e-06, 8.000000000000001e-06]
  0%|          | 0/2 [00:00<?, ?it/s]100%|##########| 2/2 [00:00<00:00, 35.90it/s]
04-11 13:21:50 Train-Loss Source Classifier: 0.8408
04-11 13:21:50 Train-Loss Discriminator: 0.4715
04-11 13:21:50 Train-Acc Source Data: 0.8984
04-11 13:21:50 Train-Acc Discriminator: 0.8516
  0%|          | 0/5 [00:00<?, ?it/s]100%|##########| 5/5 [00:00<00:00, 160.32it/s]
04-11 13:21:50 Val-Acc Target Data: 0.8500
04-11 13:21:50 The best model epoch 24, val-acc 0.8531
04-11 13:21:50 -----Epoch 40/50-----
04-11 13:21:50 current lr: [8.000000000000001e-06, 8.000000000000001e-06]
  0%|          | 0/2 [00:00<?, ?it/s]100%|##########| 2/2 [00:00<00:00, 37.83it/s]
04-11 13:21:50 Train-Loss Source Classifier: 0.8888
04-11 13:21:50 Train-Loss Discriminator: 0.4288
04-11 13:21:50 Train-Acc Source Data: 0.8984
04-11 13:21:50 Train-Acc Discriminator: 0.9141
  0%|          | 0/5 [00:00<?, ?it/s]100%|##########| 5/5 [00:00<00:00, 159.19it/s]
04-11 13:21:50 Val-Acc Target Data: 0.8500
04-11 13:21:50 The best model epoch 24, val-acc 0.8531
04-11 13:21:50 -----Epoch 41/50-----
04-11 13:21:50 current lr: [1.6000000000000004e-06, 1.6000000000000004e-06]
  0%|          | 0/2 [00:00<?, ?it/s]100%|##########| 2/2 [00:00<00:00, 39.83it/s]
04-11 13:21:50 Train-Loss Source Classifier: 0.8668
04-11 13:21:50 Train-Loss Discriminator: 0.4477
04-11 13:21:50 Train-Acc Source Data: 0.8750
04-11 13:21:50 Train-Acc Discriminator: 0.8945
  0%|          | 0/5 [00:00<?, ?it/s]100%|##########| 5/5 [00:00<00:00, 158.92it/s]
04-11 13:21:50 Val-Acc Target Data: 0.8500
04-11 13:21:50 The best model epoch 24, val-acc 0.8531
04-11 13:21:50 -----Epoch 42/50-----
04-11 13:21:50 current lr: [1.6000000000000004e-06, 1.6000000000000004e-06]
  0%|          | 0/2 [00:00<?, ?it/s]100%|##########| 2/2 [00:00<00:00, 35.38it/s]
04-11 13:21:50 Train-Loss Source Classifier: 0.8266
04-11 13:21:50 Train-Loss Discriminator: 0.4620
04-11 13:21:50 Train-Acc Source Data: 0.9141
04-11 13:21:50 Train-Acc Discriminator: 0.8789
  0%|          | 0/5 [00:00<?, ?it/s]100%|##########| 5/5 [00:00<00:00, 159.44it/s]
04-11 13:21:50 Val-Acc Target Data: 0.8500
04-11 13:21:50 The best model epoch 24, val-acc 0.8531
04-11 13:21:50 -----Epoch 43/50-----
04-11 13:21:50 current lr: [1.6000000000000004e-06, 1.6000000000000004e-06]
  0%|          | 0/2 [00:00<?, ?it/s]100%|##########| 2/2 [00:00<00:00, 38.09it/s]
04-11 13:21:50 Train-Loss Source Classifier: 0.8483
04-11 13:21:50 Train-Loss Discriminator: 0.4578
04-11 13:21:50 Train-Acc Source Data: 0.8984
04-11 13:21:50 Train-Acc Discriminator: 0.8633
  0%|          | 0/5 [00:00<?, ?it/s]100%|##########| 5/5 [00:00<00:00, 159.72it/s]
04-11 13:21:50 Val-Acc Target Data: 0.8500
04-11 13:21:50 The best model epoch 24, val-acc 0.8531
04-11 13:21:50 -----Epoch 44/50-----
04-11 13:21:50 current lr: [1.6000000000000004e-06, 1.6000000000000004e-06]
  0%|          | 0/2 [00:00<?, ?it/s]100%|##########| 2/2 [00:00<00:00, 35.48it/s]
04-11 13:21:50 Train-Loss Source Classifier: 0.8445
04-11 13:21:50 Train-Loss Discriminator: 0.4555
04-11 13:21:50 Train-Acc Source Data: 0.8984
04-11 13:21:50 Train-Acc Discriminator: 0.8711
  0%|          | 0/5 [00:00<?, ?it/s]100%|##########| 5/5 [00:00<00:00, 159.83it/s]
04-11 13:21:51 Val-Acc Target Data: 0.8531
04-11 13:21:51 The best model epoch 44, val-acc 0.8531
04-11 13:21:51 -----Epoch 45/50-----
04-11 13:21:51 current lr: [1.6000000000000004e-06, 1.6000000000000004e-06]
  0%|          | 0/2 [00:00<?, ?it/s]100%|##########| 2/2 [00:00<00:00, 37.86it/s]
04-11 13:21:51 Train-Loss Source Classifier: 0.9009
04-11 13:21:51 Train-Loss Discriminator: 0.4292
04-11 13:21:51 Train-Acc Source Data: 0.8359
04-11 13:21:51 Train-Acc Discriminator: 0.9180
  0%|          | 0/5 [00:00<?, ?it/s]100%|##########| 5/5 [00:00<00:00, 158.59it/s]
04-11 13:21:51 Val-Acc Target Data: 0.8531
04-11 13:21:51 The best model epoch 45, val-acc 0.8531
04-11 13:21:51 -----Epoch 46/50-----
04-11 13:21:51 current lr: [1.6000000000000004e-06, 1.6000000000000004e-06]
  0%|          | 0/2 [00:00<?, ?it/s]100%|##########| 2/2 [00:00<00:00, 36.86it/s]
04-11 13:21:51 Train-Loss Source Classifier: 0.8040
04-11 13:21:51 Train-Loss Discriminator: 0.4745
04-11 13:21:51 Train-Acc Source Data: 0.9375
04-11 13:21:51 Train-Acc Discriminator: 0.8477
  0%|          | 0/5 [00:00<?, ?it/s]100%|##########| 5/5 [00:00<00:00, 160.24it/s]
04-11 13:21:51 Val-Acc Target Data: 0.8531
04-11 13:21:51 The best model epoch 46, val-acc 0.8531
04-11 13:21:51 -----Epoch 47/50-----
04-11 13:21:51 current lr: [1.6000000000000004e-06, 1.6000000000000004e-06]
  0%|          | 0/2 [00:00<?, ?it/s]100%|##########| 2/2 [00:00<00:00, 37.68it/s]
04-11 13:21:51 Train-Loss Source Classifier: 0.8433
04-11 13:21:51 Train-Loss Discriminator: 0.4472
04-11 13:21:51 Train-Acc Source Data: 0.8906
04-11 13:21:51 Train-Acc Discriminator: 0.8867
  0%|          | 0/5 [00:00<?, ?it/s]100%|##########| 5/5 [00:00<00:00, 149.74it/s]
04-11 13:21:51 Val-Acc Target Data: 0.8531
04-11 13:21:51 The best model epoch 47, val-acc 0.8531
04-11 13:21:51 -----Epoch 48/50-----
04-11 13:21:51 current lr: [1.6000000000000004e-06, 1.6000000000000004e-06]
  0%|          | 0/2 [00:00<?, ?it/s]100%|##########| 2/2 [00:00<00:00, 36.70it/s]
04-11 13:21:51 Train-Loss Source Classifier: 0.8711
04-11 13:21:51 Train-Loss Discriminator: 0.4572
04-11 13:21:51 Train-Acc Source Data: 0.8359
04-11 13:21:51 Train-Acc Discriminator: 0.8789
  0%|          | 0/5 [00:00<?, ?it/s]100%|##########| 5/5 [00:00<00:00, 148.39it/s]
04-11 13:21:51 Val-Acc Target Data: 0.8531
04-11 13:21:51 The best model epoch 48, val-acc 0.8531
04-11 13:21:51 -----Epoch 49/50-----
04-11 13:21:51 current lr: [1.6000000000000004e-06, 1.6000000000000004e-06]
  0%|          | 0/2 [00:00<?, ?it/s]100%|##########| 2/2 [00:00<00:00, 35.00it/s]
04-11 13:21:51 Train-Loss Source Classifier: 0.8812
04-11 13:21:51 Train-Loss Discriminator: 0.4378
04-11 13:21:51 Train-Acc Source Data: 0.8047
04-11 13:21:51 Train-Acc Discriminator: 0.8906
  0%|          | 0/5 [00:00<?, ?it/s]100%|##########| 5/5 [00:00<00:00, 154.71it/s]
04-11 13:21:51 Val-Acc Target Data: 0.8531
04-11 13:21:51 The best model epoch 49, val-acc 0.8531
04-11 13:21:51 -----Epoch 50/50-----
04-11 13:21:51 current lr: [1.6000000000000004e-06, 1.6000000000000004e-06]
  0%|          | 0/2 [00:00<?, ?it/s]100%|##########| 2/2 [00:00<00:00, 35.95it/s]
04-11 13:21:51 Train-Loss Source Classifier: 0.8514
04-11 13:21:51 Train-Loss Discriminator: 0.4576
04-11 13:21:51 Train-Acc Source Data: 0.8750
04-11 13:21:51 Train-Acc Discriminator: 0.8672
  0%|          | 0/5 [00:00<?, ?it/s]100%|##########| 5/5 [00:00<00:00, 156.62it/s]
04-11 13:21:51 Val-Acc Target Data: 0.8500
04-11 13:21:51 The best model epoch 49, val-acc 0.8531
