04-14 08:47:11 imba: False
04-14 08:47:11 model_name: CORAL
04-14 08:47:11 Domain: Cross-machine
04-14 08:47:11 source: JNU_1
04-14 08:47:11 target: CWRU_2
04-14 08:47:11 data_dir: ./datasets
04-14 08:47:11 train_mode: single_source
04-14 08:47:11 cuda_device: 0
04-14 08:47:11 save_dir: ./ckpt/CORAL/single_source
04-14 08:47:11 max_epoch: 100
04-14 08:47:11 batch_size: 64
04-14 08:47:11 num_workers: 0
04-14 08:47:11 signal_size: 2048
04-14 08:47:11 random_state: 75
04-14 08:47:11 normlizetype: mean-std
04-14 08:47:11 opt: sgd
04-14 08:47:11 lr: 0.001
04-14 08:47:11 momentum: 0.9
04-14 08:47:11 betas: (0.9, 0.999)
04-14 08:47:11 weight_decay: 0.0005
04-14 08:47:11 lr_scheduler: stepLR
04-14 08:47:11 gamma: 0.2
04-14 08:47:11 steps: 10
04-14 08:47:11 tradeoff: ['exp', 'exp', 'exp']
04-14 08:47:11 dropout: 0.0
04-14 08:47:11 save: False
04-14 08:47:11 load_path: 
04-14 08:47:11 tsne: False
04-14 08:47:11 save_path: ./ckpt/CORAL/single_source/[JNU_1]To[CWRU_2]_0414-084711
04-14 08:47:11 Detect 4 classes: ['1normal', 'ball', 'inner', 'outer']
04-14 08:47:11 using 1 / 1 gpus
Loading source: JNU, Condition: 1
Source Data Distribution:
04-14 08:47:21 Source set JNU_1 number of samples 976.
+--------------+---------+
| Label        |   Count |
|--------------+---------|
| 0            |     244 |
| 1            |     244 |
| 2            |     244 |
| 3            |     244 |
| Dataset Size |     976 |
+--------------+---------+
Setting up target: CWRU, Condition: 2
04-14 08:47:22 target training set number of samples 348.Target Data Distribution:

04-14 08:47:22 target validation set number of samples 348.
+--------------+---------+-------+
|              |   train |   val |
|--------------+---------+-------|
| 0            |      87 |    87 |
| 1            |      87 |    87 |
| 2            |      87 |    87 |
| 3            |      87 |    87 |
| Dataset Size |     348 |   348 |
+--------------+---------+-------+
04-14 08:47:22 -----Epoch 1/100-----
04-14 08:47:22 current lr: [0.001]
  0%|          | 0/5 [00:00<?, ?it/s] 60%|######    | 3/5 [00:00<00:00, 24.75it/s]100%|##########| 5/5 [00:00<00:00, 28.97it/s]
04-14 08:47:22 Train-Loss Source Classifier: 1.3847
04-14 08:47:22 Train-Loss CORAL: 1.8664
04-14 08:47:22 Train-Acc Source Data: 0.2781
  0%|          | 0/6 [00:00<?, ?it/s]100%|##########| 6/6 [00:00<00:00, 162.50it/s]
04-14 08:47:22 Val-Acc Target Data: 0.2266
04-14 08:47:22 The best model epoch 1, val-acc 0.2266
04-14 08:47:22 -----Epoch 2/100-----
04-14 08:47:22 current lr: [0.001]
  0%|          | 0/5 [00:00<?, ?it/s] 80%|########  | 4/5 [00:00<00:00, 37.21it/s]100%|##########| 5/5 [00:00<00:00, 38.38it/s]
04-14 08:47:22 Train-Loss Source Classifier: 1.3183
04-14 08:47:22 Train-Loss CORAL: 1.8532
04-14 08:47:22 Train-Acc Source Data: 0.2906
  0%|          | 0/6 [00:00<?, ?it/s]100%|##########| 6/6 [00:00<00:00, 162.82it/s]
04-14 08:47:22 Val-Acc Target Data: 0.2266
04-14 08:47:22 The best model epoch 2, val-acc 0.2266
04-14 08:47:22 -----Epoch 3/100-----
04-14 08:47:22 current lr: [0.001]
  0%|          | 0/5 [00:00<?, ?it/s] 80%|########  | 4/5 [00:00<00:00, 38.09it/s]100%|##########| 5/5 [00:00<00:00, 38.11it/s]
04-14 08:47:22 Train-Loss Source Classifier: 1.2176
04-14 08:47:22 Train-Loss CORAL: 1.7578
04-14 08:47:22 Train-Acc Source Data: 0.3219
  0%|          | 0/6 [00:00<?, ?it/s]100%|##########| 6/6 [00:00<00:00, 165.99it/s]
04-14 08:47:22 Val-Acc Target Data: 0.2266
04-14 08:47:22 The best model epoch 3, val-acc 0.2266
04-14 08:47:22 -----Epoch 4/100-----
04-14 08:47:22 current lr: [0.001]
  0%|          | 0/5 [00:00<?, ?it/s] 80%|########  | 4/5 [00:00<00:00, 38.31it/s]100%|##########| 5/5 [00:00<00:00, 37.20it/s]
04-14 08:47:22 Train-Loss Source Classifier: 1.1924
04-14 08:47:22 Train-Loss CORAL: 1.6169
04-14 08:47:22 Train-Acc Source Data: 0.3750
  0%|          | 0/6 [00:00<?, ?it/s]100%|##########| 6/6 [00:00<00:00, 164.83it/s]
04-14 08:47:22 Val-Acc Target Data: 0.2344
04-14 08:47:22 The best model epoch 4, val-acc 0.2344
04-14 08:47:22 -----Epoch 5/100-----
04-14 08:47:22 current lr: [0.001]
  0%|          | 0/5 [00:00<?, ?it/s] 80%|########  | 4/5 [00:00<00:00, 37.69it/s]100%|##########| 5/5 [00:00<00:00, 36.66it/s]
04-14 08:47:22 Train-Loss Source Classifier: 1.1150
04-14 08:47:22 Train-Loss CORAL: 1.3294
04-14 08:47:22 Train-Acc Source Data: 0.6969
  0%|          | 0/6 [00:00<?, ?it/s]100%|##########| 6/6 [00:00<00:00, 165.59it/s]
04-14 08:47:22 Val-Acc Target Data: 0.3393
04-14 08:47:22 The best model epoch 5, val-acc 0.3393
04-14 08:47:22 -----Epoch 6/100-----
04-14 08:47:22 current lr: [0.001]
  0%|          | 0/5 [00:00<?, ?it/s] 80%|########  | 4/5 [00:00<00:00, 38.98it/s]100%|##########| 5/5 [00:00<00:00, 38.02it/s]
04-14 08:47:23 Train-Loss Source Classifier: 1.0311
04-14 08:47:23 Train-Loss CORAL: 1.0780
04-14 08:47:23 Train-Acc Source Data: 0.6594
  0%|          | 0/6 [00:00<?, ?it/s]100%|##########| 6/6 [00:00<00:00, 155.50it/s]
04-14 08:47:23 Val-Acc Target Data: 0.3192
04-14 08:47:23 The best model epoch 5, val-acc 0.3393
04-14 08:47:23 -----Epoch 7/100-----
04-14 08:47:23 current lr: [0.001]
  0%|          | 0/5 [00:00<?, ?it/s] 80%|########  | 4/5 [00:00<00:00, 38.35it/s]100%|##########| 5/5 [00:00<00:00, 37.09it/s]
04-14 08:47:23 Train-Loss Source Classifier: 0.9855
04-14 08:47:23 Train-Loss CORAL: 0.8764
04-14 08:47:23 Train-Acc Source Data: 0.6500
  0%|          | 0/6 [00:00<?, ?it/s]100%|##########| 6/6 [00:00<00:00, 159.09it/s]
04-14 08:47:23 Val-Acc Target Data: 0.2775
04-14 08:47:23 The best model epoch 5, val-acc 0.3393
04-14 08:47:23 -----Epoch 8/100-----
04-14 08:47:23 current lr: [0.001]
  0%|          | 0/5 [00:00<?, ?it/s] 80%|########  | 4/5 [00:00<00:00, 37.18it/s]100%|##########| 5/5 [00:00<00:00, 36.26it/s]
04-14 08:47:23 Train-Loss Source Classifier: 0.9329
04-14 08:47:23 Train-Loss CORAL: 0.7567
04-14 08:47:23 Train-Acc Source Data: 0.6969
  0%|          | 0/6 [00:00<?, ?it/s]100%|##########| 6/6 [00:00<00:00, 156.01it/s]
04-14 08:47:23 Val-Acc Target Data: 0.3062
04-14 08:47:23 The best model epoch 5, val-acc 0.3393
04-14 08:47:23 -----Epoch 9/100-----
04-14 08:47:23 current lr: [0.001]
  0%|          | 0/5 [00:00<?, ?it/s] 80%|########  | 4/5 [00:00<00:00, 36.91it/s]100%|##########| 5/5 [00:00<00:00, 35.74it/s]
04-14 08:47:23 Train-Loss Source Classifier: 0.8559
04-14 08:47:23 Train-Loss CORAL: 0.5554
04-14 08:47:23 Train-Acc Source Data: 0.7063
  0%|          | 0/6 [00:00<?, ?it/s]100%|##########| 6/6 [00:00<00:00, 149.92it/s]
04-14 08:47:23 Val-Acc Target Data: 0.3166
04-14 08:47:23 The best model epoch 5, val-acc 0.3393
04-14 08:47:23 -----Epoch 10/100-----
04-14 08:47:23 current lr: [0.001]
  0%|          | 0/5 [00:00<?, ?it/s] 80%|########  | 4/5 [00:00<00:00, 36.95it/s]100%|##########| 5/5 [00:00<00:00, 36.09it/s]
04-14 08:47:23 Train-Loss Source Classifier: 0.8173
04-14 08:47:23 Train-Loss CORAL: 0.4893
04-14 08:47:23 Train-Acc Source Data: 0.7219
  0%|          | 0/6 [00:00<?, ?it/s]100%|##########| 6/6 [00:00<00:00, 164.69it/s]
04-14 08:47:23 Val-Acc Target Data: 0.3173
04-14 08:47:23 The best model epoch 5, val-acc 0.3393
04-14 08:47:23 -----Epoch 11/100-----
04-14 08:47:23 current lr: [0.0002]
  0%|          | 0/5 [00:00<?, ?it/s] 80%|########  | 4/5 [00:00<00:00, 37.29it/s]100%|##########| 5/5 [00:00<00:00, 38.27it/s]
04-14 08:47:24 Train-Loss Source Classifier: 0.8045
04-14 08:47:24 Train-Loss CORAL: 0.3994
04-14 08:47:24 Train-Acc Source Data: 0.6687
  0%|          | 0/6 [00:00<?, ?it/s]100%|##########| 6/6 [00:00<00:00, 162.38it/s]
04-14 08:47:24 Val-Acc Target Data: 0.3062
04-14 08:47:24 The best model epoch 5, val-acc 0.3393
04-14 08:47:24 -----Epoch 12/100-----
04-14 08:47:24 current lr: [0.0002]
  0%|          | 0/5 [00:00<?, ?it/s] 80%|########  | 4/5 [00:00<00:00, 38.13it/s]100%|##########| 5/5 [00:00<00:00, 36.48it/s]
04-14 08:47:24 Train-Loss Source Classifier: 0.7694
04-14 08:47:24 Train-Loss CORAL: 0.4106
04-14 08:47:24 Train-Acc Source Data: 0.7562
  0%|          | 0/6 [00:00<?, ?it/s]100%|##########| 6/6 [00:00<00:00, 153.46it/s]
04-14 08:47:24 Val-Acc Target Data: 0.3088
04-14 08:47:24 The best model epoch 5, val-acc 0.3393
04-14 08:47:24 -----Epoch 13/100-----
04-14 08:47:24 current lr: [0.0002]
  0%|          | 0/5 [00:00<?, ?it/s] 80%|########  | 4/5 [00:00<00:00, 36.93it/s]100%|##########| 5/5 [00:00<00:00, 37.79it/s]
04-14 08:47:24 Train-Loss Source Classifier: 0.7343
04-14 08:47:24 Train-Loss CORAL: 0.4031
04-14 08:47:24 Train-Acc Source Data: 0.7906
  0%|          | 0/6 [00:00<?, ?it/s]100%|##########| 6/6 [00:00<00:00, 165.80it/s]
04-14 08:47:24 Val-Acc Target Data: 0.3054
04-14 08:47:24 The best model epoch 5, val-acc 0.3393
04-14 08:47:24 -----Epoch 14/100-----
04-14 08:47:24 current lr: [0.0002]
  0%|          | 0/5 [00:00<?, ?it/s] 80%|########  | 4/5 [00:00<00:00, 37.94it/s]100%|##########| 5/5 [00:00<00:00, 36.94it/s]
04-14 08:47:24 Train-Loss Source Classifier: 0.7623
04-14 08:47:24 Train-Loss CORAL: 0.3876
04-14 08:47:24 Train-Acc Source Data: 0.7312
  0%|          | 0/6 [00:00<?, ?it/s]100%|##########| 6/6 [00:00<00:00, 160.50it/s]
04-14 08:47:24 Val-Acc Target Data: 0.3106
04-14 08:47:24 The best model epoch 5, val-acc 0.3393
04-14 08:47:24 -----Epoch 15/100-----
04-14 08:47:24 current lr: [0.0002]
  0%|          | 0/5 [00:00<?, ?it/s] 80%|########  | 4/5 [00:00<00:00, 35.87it/s]100%|##########| 5/5 [00:00<00:00, 36.66it/s]
04-14 08:47:24 Train-Loss Source Classifier: 0.7593
04-14 08:47:24 Train-Loss CORAL: 0.3541
04-14 08:47:24 Train-Acc Source Data: 0.7094
  0%|          | 0/6 [00:00<?, ?it/s]100%|##########| 6/6 [00:00<00:00, 165.67it/s]
04-14 08:47:24 Val-Acc Target Data: 0.3106
04-14 08:47:24 The best model epoch 5, val-acc 0.3393
04-14 08:47:24 -----Epoch 16/100-----
04-14 08:47:24 current lr: [0.0002]
  0%|          | 0/5 [00:00<?, ?it/s] 80%|########  | 4/5 [00:00<00:00, 38.18it/s]100%|##########| 5/5 [00:00<00:00, 37.00it/s]
04-14 08:47:24 Train-Loss Source Classifier: 0.7515
04-14 08:47:24 Train-Loss CORAL: 0.3804
04-14 08:47:24 Train-Acc Source Data: 0.7438
  0%|          | 0/6 [00:00<?, ?it/s]100%|##########| 6/6 [00:00<00:00, 158.34it/s]
04-14 08:47:24 Val-Acc Target Data: 0.3244
04-14 08:47:24 The best model epoch 5, val-acc 0.3393
04-14 08:47:24 -----Epoch 17/100-----
04-14 08:47:24 current lr: [0.0002]
  0%|          | 0/5 [00:00<?, ?it/s] 80%|########  | 4/5 [00:00<00:00, 38.21it/s]100%|##########| 5/5 [00:00<00:00, 38.65it/s]
04-14 08:47:25 Train-Loss Source Classifier: 0.7276
04-14 08:47:25 Train-Loss CORAL: 0.3503
04-14 08:47:25 Train-Acc Source Data: 0.7281
  0%|          | 0/6 [00:00<?, ?it/s]100%|##########| 6/6 [00:00<00:00, 165.09it/s]
04-14 08:47:25 Val-Acc Target Data: 0.3140
04-14 08:47:25 The best model epoch 5, val-acc 0.3393
04-14 08:47:25 -----Epoch 18/100-----
04-14 08:47:25 current lr: [0.0002]
  0%|          | 0/5 [00:00<?, ?it/s] 80%|########  | 4/5 [00:00<00:00, 38.92it/s]100%|##########| 5/5 [00:00<00:00, 39.24it/s]
04-14 08:47:25 Train-Loss Source Classifier: 0.6987
04-14 08:47:25 Train-Loss CORAL: 0.2973
04-14 08:47:25 Train-Acc Source Data: 0.7875
  0%|          | 0/6 [00:00<?, ?it/s]100%|##########| 6/6 [00:00<00:00, 150.91it/s]
04-14 08:47:25 Val-Acc Target Data: 0.3140
04-14 08:47:25 The best model epoch 5, val-acc 0.3393
04-14 08:47:25 -----Epoch 19/100-----
04-14 08:47:25 current lr: [0.0002]
  0%|          | 0/5 [00:00<?, ?it/s] 80%|########  | 4/5 [00:00<00:00, 39.46it/s]100%|##########| 5/5 [00:00<00:00, 38.22it/s]
04-14 08:47:25 Train-Loss Source Classifier: 0.7095
04-14 08:47:25 Train-Loss CORAL: 0.3405
04-14 08:47:25 Train-Acc Source Data: 0.7844
  0%|          | 0/6 [00:00<?, ?it/s]100%|##########| 6/6 [00:00<00:00, 159.91it/s]
04-14 08:47:25 Val-Acc Target Data: 0.3147
04-14 08:47:25 The best model epoch 5, val-acc 0.3393
04-14 08:47:25 -----Epoch 20/100-----
04-14 08:47:25 current lr: [0.0002]
  0%|          | 0/5 [00:00<?, ?it/s] 80%|########  | 4/5 [00:00<00:00, 38.99it/s]100%|##########| 5/5 [00:00<00:00, 36.94it/s]
04-14 08:47:25 Train-Loss Source Classifier: 0.7001
04-14 08:47:25 Train-Loss CORAL: 0.2977
04-14 08:47:25 Train-Acc Source Data: 0.7688
  0%|          | 0/6 [00:00<?, ?it/s]100%|##########| 6/6 [00:00<00:00, 162.86it/s]
04-14 08:47:25 Val-Acc Target Data: 0.3173
04-14 08:47:25 The best model epoch 5, val-acc 0.3393
04-14 08:47:25 -----Epoch 21/100-----
04-14 08:47:25 current lr: [4e-05]
  0%|          | 0/5 [00:00<?, ?it/s] 80%|########  | 4/5 [00:00<00:00, 38.15it/s]100%|##########| 5/5 [00:00<00:00, 39.06it/s]
04-14 08:47:25 Train-Loss Source Classifier: 0.7123
04-14 08:47:25 Train-Loss CORAL: 0.3007
04-14 08:47:25 Train-Acc Source Data: 0.7500
  0%|          | 0/6 [00:00<?, ?it/s]100%|##########| 6/6 [00:00<00:00, 165.03it/s]
04-14 08:47:25 Val-Acc Target Data: 0.3114
04-14 08:47:25 The best model epoch 5, val-acc 0.3393
04-14 08:47:25 -----Epoch 22/100-----
04-14 08:47:25 current lr: [4e-05]
  0%|          | 0/5 [00:00<?, ?it/s] 80%|########  | 4/5 [00:00<00:00, 37.36it/s]100%|##########| 5/5 [00:00<00:00, 36.34it/s]
04-14 08:47:25 Train-Loss Source Classifier: 0.6714
04-14 08:47:25 Train-Loss CORAL: 0.2808
04-14 08:47:25 Train-Acc Source Data: 0.7937
  0%|          | 0/6 [00:00<?, ?it/s]100%|##########| 6/6 [00:00<00:00, 152.69it/s]
04-14 08:47:26 Val-Acc Target Data: 0.3114
04-14 08:47:26 The best model epoch 5, val-acc 0.3393
04-14 08:47:26 -----Epoch 23/100-----
04-14 08:47:26 current lr: [4e-05]
  0%|          | 0/5 [00:00<?, ?it/s] 80%|########  | 4/5 [00:00<00:00, 36.15it/s]100%|##########| 5/5 [00:00<00:00, 35.75it/s]
04-14 08:47:26 Train-Loss Source Classifier: 0.7129
04-14 08:47:26 Train-Loss CORAL: 0.3092
04-14 08:47:26 Train-Acc Source Data: 0.7656
  0%|          | 0/6 [00:00<?, ?it/s]100%|##########| 6/6 [00:00<00:00, 155.61it/s]
04-14 08:47:26 Val-Acc Target Data: 0.3140
04-14 08:47:26 The best model epoch 5, val-acc 0.3393
04-14 08:47:26 -----Epoch 24/100-----
04-14 08:47:26 current lr: [4e-05]
  0%|          | 0/5 [00:00<?, ?it/s] 80%|########  | 4/5 [00:00<00:00, 36.62it/s]100%|##########| 5/5 [00:00<00:00, 36.35it/s]
04-14 08:47:26 Train-Loss Source Classifier: 0.6939
04-14 08:47:26 Train-Loss CORAL: 0.3052
04-14 08:47:26 Train-Acc Source Data: 0.7594
  0%|          | 0/6 [00:00<?, ?it/s]100%|##########| 6/6 [00:00<00:00, 154.81it/s]
04-14 08:47:26 Val-Acc Target Data: 0.3140
04-14 08:47:26 The best model epoch 5, val-acc 0.3393
04-14 08:47:26 -----Epoch 25/100-----
04-14 08:47:26 current lr: [4e-05]
  0%|          | 0/5 [00:00<?, ?it/s] 80%|########  | 4/5 [00:00<00:00, 38.35it/s]100%|##########| 5/5 [00:00<00:00, 37.65it/s]
04-14 08:47:26 Train-Loss Source Classifier: 0.6927
04-14 08:47:26 Train-Loss CORAL: 0.2635
04-14 08:47:26 Train-Acc Source Data: 0.7719
  0%|          | 0/6 [00:00<?, ?it/s]100%|##########| 6/6 [00:00<00:00, 164.47it/s]
04-14 08:47:26 Val-Acc Target Data: 0.3114
04-14 08:47:26 The best model epoch 5, val-acc 0.3393
04-14 08:47:26 -----Epoch 26/100-----
04-14 08:47:26 current lr: [4e-05]
  0%|          | 0/5 [00:00<?, ?it/s] 80%|########  | 4/5 [00:00<00:00, 36.96it/s]100%|##########| 5/5 [00:00<00:00, 36.78it/s]
04-14 08:47:26 Train-Loss Source Classifier: 0.6871
04-14 08:47:26 Train-Loss CORAL: 0.3065
04-14 08:47:26 Train-Acc Source Data: 0.7906
  0%|          | 0/6 [00:00<?, ?it/s]100%|##########| 6/6 [00:00<00:00, 165.12it/s]
04-14 08:47:26 Val-Acc Target Data: 0.3114
04-14 08:47:26 The best model epoch 5, val-acc 0.3393
04-14 08:47:26 -----Epoch 27/100-----
04-14 08:47:26 current lr: [4e-05]
  0%|          | 0/5 [00:00<?, ?it/s] 80%|########  | 4/5 [00:00<00:00, 38.00it/s]100%|##########| 5/5 [00:00<00:00, 37.80it/s]
04-14 08:47:26 Train-Loss Source Classifier: 0.6860
04-14 08:47:26 Train-Loss CORAL: 0.3037
04-14 08:47:26 Train-Acc Source Data: 0.7719
  0%|          | 0/6 [00:00<?, ?it/s]100%|##########| 6/6 [00:00<00:00, 161.58it/s]
04-14 08:47:26 Val-Acc Target Data: 0.3166
04-14 08:47:26 The best model epoch 5, val-acc 0.3393
04-14 08:47:26 -----Epoch 28/100-----
04-14 08:47:26 current lr: [4e-05]
  0%|          | 0/5 [00:00<?, ?it/s] 80%|########  | 4/5 [00:00<00:00, 37.12it/s]100%|##########| 5/5 [00:00<00:00, 36.80it/s]
04-14 08:47:27 Train-Loss Source Classifier: 0.6982
04-14 08:47:27 Train-Loss CORAL: 0.2822
04-14 08:47:27 Train-Acc Source Data: 0.7375
  0%|          | 0/6 [00:00<?, ?it/s]100%|##########| 6/6 [00:00<00:00, 164.21it/s]
04-14 08:47:27 Val-Acc Target Data: 0.3140
04-14 08:47:27 The best model epoch 5, val-acc 0.3393
04-14 08:47:27 -----Epoch 29/100-----
04-14 08:47:27 current lr: [4e-05]
  0%|          | 0/5 [00:00<?, ?it/s] 80%|########  | 4/5 [00:00<00:00, 36.64it/s]100%|##########| 5/5 [00:00<00:00, 38.04it/s]
04-14 08:47:27 Train-Loss Source Classifier: 0.6916
04-14 08:47:27 Train-Loss CORAL: 0.2870
04-14 08:47:27 Train-Acc Source Data: 0.7781
  0%|          | 0/6 [00:00<?, ?it/s]100%|##########| 6/6 [00:00<00:00, 164.25it/s]
04-14 08:47:27 Val-Acc Target Data: 0.3166
04-14 08:47:27 The best model epoch 5, val-acc 0.3393
04-14 08:47:27 -----Epoch 30/100-----
04-14 08:47:27 current lr: [4e-05]
  0%|          | 0/5 [00:00<?, ?it/s] 80%|########  | 4/5 [00:00<00:00, 36.99it/s]100%|##########| 5/5 [00:00<00:00, 37.43it/s]
04-14 08:47:27 Train-Loss Source Classifier: 0.6798
04-14 08:47:27 Train-Loss CORAL: 0.2814
04-14 08:47:27 Train-Acc Source Data: 0.8125
  0%|          | 0/6 [00:00<?, ?it/s]100%|##########| 6/6 [00:00<00:00, 164.95it/s]
04-14 08:47:27 Val-Acc Target Data: 0.3166
04-14 08:47:27 The best model epoch 5, val-acc 0.3393
04-14 08:47:27 -----Epoch 31/100-----
04-14 08:47:27 current lr: [8.000000000000001e-06]
  0%|          | 0/5 [00:00<?, ?it/s] 80%|########  | 4/5 [00:00<00:00, 36.93it/s]100%|##########| 5/5 [00:00<00:00, 36.19it/s]
04-14 08:47:27 Train-Loss Source Classifier: 0.7067
04-14 08:47:27 Train-Loss CORAL: 0.2814
04-14 08:47:27 Train-Acc Source Data: 0.7250
  0%|          | 0/6 [00:00<?, ?it/s]100%|##########| 6/6 [00:00<00:00, 165.56it/s]
04-14 08:47:27 Val-Acc Target Data: 0.3166
04-14 08:47:27 The best model epoch 5, val-acc 0.3393
04-14 08:47:27 -----Epoch 32/100-----
04-14 08:47:27 current lr: [8.000000000000001e-06]
  0%|          | 0/5 [00:00<?, ?it/s] 80%|########  | 4/5 [00:00<00:00, 37.03it/s]100%|##########| 5/5 [00:00<00:00, 38.17it/s]
04-14 08:47:27 Train-Loss Source Classifier: 0.6901
04-14 08:47:27 Train-Loss CORAL: 0.2602
04-14 08:47:27 Train-Acc Source Data: 0.7781
  0%|          | 0/6 [00:00<?, ?it/s]100%|##########| 6/6 [00:00<00:00, 164.81it/s]
04-14 08:47:27 Val-Acc Target Data: 0.3166
04-14 08:47:27 The best model epoch 5, val-acc 0.3393
04-14 08:47:27 -----Epoch 33/100-----
04-14 08:47:27 current lr: [8.000000000000001e-06]
  0%|          | 0/5 [00:00<?, ?it/s] 80%|########  | 4/5 [00:00<00:00, 38.70it/s]100%|##########| 5/5 [00:00<00:00, 39.12it/s]
04-14 08:47:27 Train-Loss Source Classifier: 0.6563
04-14 08:47:27 Train-Loss CORAL: 0.3100
04-14 08:47:27 Train-Acc Source Data: 0.8156
  0%|          | 0/6 [00:00<?, ?it/s]100%|##########| 6/6 [00:00<00:00, 165.19it/s]
04-14 08:47:28 Val-Acc Target Data: 0.3140
04-14 08:47:28 The best model epoch 5, val-acc 0.3393
04-14 08:47:28 -----Epoch 34/100-----
04-14 08:47:28 current lr: [8.000000000000001e-06]
  0%|          | 0/5 [00:00<?, ?it/s] 80%|########  | 4/5 [00:00<00:00, 37.57it/s]100%|##########| 5/5 [00:00<00:00, 36.57it/s]
04-14 08:47:28 Train-Loss Source Classifier: 0.7140
04-14 08:47:28 Train-Loss CORAL: 0.3073
04-14 08:47:28 Train-Acc Source Data: 0.7500
  0%|          | 0/6 [00:00<?, ?it/s]100%|##########| 6/6 [00:00<00:00, 166.15it/s]
04-14 08:47:28 Val-Acc Target Data: 0.3140
04-14 08:47:28 The best model epoch 5, val-acc 0.3393
04-14 08:47:28 -----Epoch 35/100-----
04-14 08:47:28 current lr: [8.000000000000001e-06]
  0%|          | 0/5 [00:00<?, ?it/s] 80%|########  | 4/5 [00:00<00:00, 38.26it/s]100%|##########| 5/5 [00:00<00:00, 36.38it/s]
04-14 08:47:28 Train-Loss Source Classifier: 0.6757
04-14 08:47:28 Train-Loss CORAL: 0.2715
04-14 08:47:28 Train-Acc Source Data: 0.8063
  0%|          | 0/6 [00:00<?, ?it/s]100%|##########| 6/6 [00:00<00:00, 158.59it/s]
04-14 08:47:28 Val-Acc Target Data: 0.3140
04-14 08:47:28 The best model epoch 5, val-acc 0.3393
04-14 08:47:28 -----Epoch 36/100-----
04-14 08:47:28 current lr: [8.000000000000001e-06]
  0%|          | 0/5 [00:00<?, ?it/s] 80%|########  | 4/5 [00:00<00:00, 37.51it/s]100%|##########| 5/5 [00:00<00:00, 38.41it/s]
04-14 08:47:28 Train-Loss Source Classifier: 0.6628
04-14 08:47:28 Train-Loss CORAL: 0.2673
04-14 08:47:28 Train-Acc Source Data: 0.7781
  0%|          | 0/6 [00:00<?, ?it/s]100%|##########| 6/6 [00:00<00:00, 158.69it/s]
04-14 08:47:28 Val-Acc Target Data: 0.3166
04-14 08:47:28 The best model epoch 5, val-acc 0.3393
04-14 08:47:28 -----Epoch 37/100-----
04-14 08:47:28 current lr: [8.000000000000001e-06]
  0%|          | 0/5 [00:00<?, ?it/s] 80%|########  | 4/5 [00:00<00:00, 37.53it/s]100%|##########| 5/5 [00:00<00:00, 37.72it/s]
04-14 08:47:28 Train-Loss Source Classifier: 0.7069
04-14 08:47:28 Train-Loss CORAL: 0.3142
04-14 08:47:28 Train-Acc Source Data: 0.7625
  0%|          | 0/6 [00:00<?, ?it/s]100%|##########| 6/6 [00:00<00:00, 166.01it/s]
04-14 08:47:28 Val-Acc Target Data: 0.3140
04-14 08:47:28 The best model epoch 5, val-acc 0.3393
04-14 08:47:28 -----Epoch 38/100-----
04-14 08:47:28 current lr: [8.000000000000001e-06]
  0%|          | 0/5 [00:00<?, ?it/s] 80%|########  | 4/5 [00:00<00:00, 39.50it/s]100%|##########| 5/5 [00:00<00:00, 37.22it/s]
04-14 08:47:28 Train-Loss Source Classifier: 0.6750
04-14 08:47:28 Train-Loss CORAL: 0.2760
04-14 08:47:28 Train-Acc Source Data: 0.7969
  0%|          | 0/6 [00:00<?, ?it/s]100%|##########| 6/6 [00:00<00:00, 165.80it/s]
04-14 08:47:28 Val-Acc Target Data: 0.3140
04-14 08:47:28 The best model epoch 5, val-acc 0.3393
04-14 08:47:28 -----Epoch 39/100-----
04-14 08:47:28 current lr: [8.000000000000001e-06]
  0%|          | 0/5 [00:00<?, ?it/s] 80%|########  | 4/5 [00:00<00:00, 38.49it/s]100%|##########| 5/5 [00:00<00:00, 36.92it/s]
04-14 08:47:29 Train-Loss Source Classifier: 0.6749
04-14 08:47:29 Train-Loss CORAL: 0.2461
04-14 08:47:29 Train-Acc Source Data: 0.7781
  0%|          | 0/6 [00:00<?, ?it/s]100%|##########| 6/6 [00:00<00:00, 153.54it/s]
04-14 08:47:29 Val-Acc Target Data: 0.3140
04-14 08:47:29 The best model epoch 5, val-acc 0.3393
04-14 08:47:29 -----Epoch 40/100-----
04-14 08:47:29 current lr: [8.000000000000001e-06]
  0%|          | 0/5 [00:00<?, ?it/s] 80%|########  | 4/5 [00:00<00:00, 37.07it/s]100%|##########| 5/5 [00:00<00:00, 37.61it/s]
04-14 08:47:29 Train-Loss Source Classifier: 0.6768
04-14 08:47:29 Train-Loss CORAL: 0.2953
04-14 08:47:29 Train-Acc Source Data: 0.7812
  0%|          | 0/6 [00:00<?, ?it/s]100%|##########| 6/6 [00:00<00:00, 158.78it/s]
04-14 08:47:29 Val-Acc Target Data: 0.3166
04-14 08:47:29 The best model epoch 5, val-acc 0.3393
04-14 08:47:29 -----Epoch 41/100-----
04-14 08:47:29 current lr: [1.6000000000000004e-06]
  0%|          | 0/5 [00:00<?, ?it/s] 80%|########  | 4/5 [00:00<00:00, 36.69it/s]100%|##########| 5/5 [00:00<00:00, 36.36it/s]
04-14 08:47:29 Train-Loss Source Classifier: 0.6910
04-14 08:47:29 Train-Loss CORAL: 0.2644
04-14 08:47:29 Train-Acc Source Data: 0.7812
  0%|          | 0/6 [00:00<?, ?it/s]100%|##########| 6/6 [00:00<00:00, 145.53it/s]
04-14 08:47:29 Val-Acc Target Data: 0.3166
04-14 08:47:29 The best model epoch 5, val-acc 0.3393
04-14 08:47:29 -----Epoch 42/100-----
04-14 08:47:29 current lr: [1.6000000000000004e-06]
  0%|          | 0/5 [00:00<?, ?it/s] 80%|########  | 4/5 [00:00<00:00, 35.54it/s]100%|##########| 5/5 [00:00<00:00, 34.63it/s]
04-14 08:47:29 Train-Loss Source Classifier: 0.6768
04-14 08:47:29 Train-Loss CORAL: 0.2773
04-14 08:47:29 Train-Acc Source Data: 0.7719
  0%|          | 0/6 [00:00<?, ?it/s]100%|##########| 6/6 [00:00<00:00, 165.05it/s]
04-14 08:47:29 Val-Acc Target Data: 0.3166
04-14 08:47:29 The best model epoch 5, val-acc 0.3393
04-14 08:47:29 -----Epoch 43/100-----
04-14 08:47:29 current lr: [1.6000000000000004e-06]
  0%|          | 0/5 [00:00<?, ?it/s] 80%|########  | 4/5 [00:00<00:00, 35.43it/s]100%|##########| 5/5 [00:00<00:00, 35.20it/s]
04-14 08:47:29 Train-Loss Source Classifier: 0.6863
04-14 08:47:29 Train-Loss CORAL: 0.2804
04-14 08:47:29 Train-Acc Source Data: 0.8000
  0%|          | 0/6 [00:00<?, ?it/s]100%|##########| 6/6 [00:00<00:00, 158.66it/s]
04-14 08:47:29 Val-Acc Target Data: 0.3166
04-14 08:47:29 The best model epoch 5, val-acc 0.3393
04-14 08:47:29 -----Epoch 44/100-----
04-14 08:47:29 current lr: [1.6000000000000004e-06]
  0%|          | 0/5 [00:00<?, ?it/s] 80%|########  | 4/5 [00:00<00:00, 37.46it/s]100%|##########| 5/5 [00:00<00:00, 38.56it/s]
04-14 08:47:29 Train-Loss Source Classifier: 0.6733
04-14 08:47:29 Train-Loss CORAL: 0.2794
04-14 08:47:29 Train-Acc Source Data: 0.7906
  0%|          | 0/6 [00:00<?, ?it/s]100%|##########| 6/6 [00:00<00:00, 166.54it/s]
04-14 08:47:30 Val-Acc Target Data: 0.3166
04-14 08:47:30 The best model epoch 5, val-acc 0.3393
04-14 08:47:30 -----Epoch 45/100-----
04-14 08:47:30 current lr: [1.6000000000000004e-06]
  0%|          | 0/5 [00:00<?, ?it/s] 80%|########  | 4/5 [00:00<00:00, 37.71it/s]100%|##########| 5/5 [00:00<00:00, 36.55it/s]
04-14 08:47:30 Train-Loss Source Classifier: 0.6787
04-14 08:47:30 Train-Loss CORAL: 0.2714
04-14 08:47:30 Train-Acc Source Data: 0.7688
  0%|          | 0/6 [00:00<?, ?it/s]100%|##########| 6/6 [00:00<00:00, 157.19it/s]
04-14 08:47:30 Val-Acc Target Data: 0.3166
04-14 08:47:30 The best model epoch 5, val-acc 0.3393
04-14 08:47:30 -----Epoch 46/100-----
04-14 08:47:30 current lr: [1.6000000000000004e-06]
  0%|          | 0/5 [00:00<?, ?it/s] 80%|########  | 4/5 [00:00<00:00, 38.51it/s]100%|##########| 5/5 [00:00<00:00, 37.30it/s]
04-14 08:47:30 Train-Loss Source Classifier: 0.6903
04-14 08:47:30 Train-Loss CORAL: 0.2706
04-14 08:47:30 Train-Acc Source Data: 0.7656
  0%|          | 0/6 [00:00<?, ?it/s]100%|##########| 6/6 [00:00<00:00, 164.96it/s]
04-14 08:47:30 Val-Acc Target Data: 0.3166
04-14 08:47:30 The best model epoch 5, val-acc 0.3393
04-14 08:47:30 -----Epoch 47/100-----
04-14 08:47:30 current lr: [1.6000000000000004e-06]
  0%|          | 0/5 [00:00<?, ?it/s] 80%|########  | 4/5 [00:00<00:00, 36.95it/s]100%|##########| 5/5 [00:00<00:00, 37.38it/s]
04-14 08:47:30 Train-Loss Source Classifier: 0.6472
04-14 08:47:30 Train-Loss CORAL: 0.2745
04-14 08:47:30 Train-Acc Source Data: 0.8156
  0%|          | 0/6 [00:00<?, ?it/s]100%|##########| 6/6 [00:00<00:00, 166.44it/s]
04-14 08:47:30 Val-Acc Target Data: 0.3140
04-14 08:47:30 The best model epoch 5, val-acc 0.3393
04-14 08:47:30 -----Epoch 48/100-----
04-14 08:47:30 current lr: [1.6000000000000004e-06]
  0%|          | 0/5 [00:00<?, ?it/s] 80%|########  | 4/5 [00:00<00:00, 35.89it/s]100%|##########| 5/5 [00:00<00:00, 36.79it/s]
04-14 08:47:30 Train-Loss Source Classifier: 0.7113
04-14 08:47:30 Train-Loss CORAL: 0.2815
04-14 08:47:30 Train-Acc Source Data: 0.7594
  0%|          | 0/6 [00:00<?, ?it/s]100%|##########| 6/6 [00:00<00:00, 165.52it/s]
04-14 08:47:30 Val-Acc Target Data: 0.3166
04-14 08:47:30 The best model epoch 5, val-acc 0.3393
04-14 08:47:30 -----Epoch 49/100-----
04-14 08:47:30 current lr: [1.6000000000000004e-06]
  0%|          | 0/5 [00:00<?, ?it/s] 80%|########  | 4/5 [00:00<00:00, 37.01it/s]100%|##########| 5/5 [00:00<00:00, 36.35it/s]
04-14 08:47:30 Train-Loss Source Classifier: 0.6777
04-14 08:47:30 Train-Loss CORAL: 0.2797
04-14 08:47:30 Train-Acc Source Data: 0.7688
  0%|          | 0/6 [00:00<?, ?it/s]100%|##########| 6/6 [00:00<00:00, 160.23it/s]
04-14 08:47:30 Val-Acc Target Data: 0.3140
04-14 08:47:30 The best model epoch 5, val-acc 0.3393
04-14 08:47:30 -----Epoch 50/100-----
04-14 08:47:30 current lr: [1.6000000000000004e-06]
  0%|          | 0/5 [00:00<?, ?it/s] 80%|########  | 4/5 [00:00<00:00, 36.31it/s]100%|##########| 5/5 [00:00<00:00, 37.67it/s]
04-14 08:47:31 Train-Loss Source Classifier: 0.6946
04-14 08:47:31 Train-Loss CORAL: 0.2861
04-14 08:47:31 Train-Acc Source Data: 0.7844
  0%|          | 0/6 [00:00<?, ?it/s]100%|##########| 6/6 [00:00<00:00, 164.18it/s]
04-14 08:47:31 Val-Acc Target Data: 0.3166
04-14 08:47:31 The best model epoch 5, val-acc 0.3393
04-14 08:47:31 -----Epoch 51/100-----
04-14 08:47:31 current lr: [3.200000000000001e-07]
  0%|          | 0/5 [00:00<?, ?it/s] 80%|########  | 4/5 [00:00<00:00, 37.63it/s]100%|##########| 5/5 [00:00<00:00, 36.56it/s]
04-14 08:47:31 Train-Loss Source Classifier: 0.6655
04-14 08:47:31 Train-Loss CORAL: 0.2650
04-14 08:47:31 Train-Acc Source Data: 0.8000
  0%|          | 0/6 [00:00<?, ?it/s]100%|##########| 6/6 [00:00<00:00, 146.81it/s]
04-14 08:47:31 Val-Acc Target Data: 0.3166
04-14 08:47:31 The best model epoch 5, val-acc 0.3393
04-14 08:47:31 -----Epoch 52/100-----
04-14 08:47:31 current lr: [3.200000000000001e-07]
  0%|          | 0/5 [00:00<?, ?it/s] 80%|########  | 4/5 [00:00<00:00, 37.67it/s]100%|##########| 5/5 [00:00<00:00, 36.23it/s]
04-14 08:47:31 Train-Loss Source Classifier: 0.6619
04-14 08:47:31 Train-Loss CORAL: 0.2459
04-14 08:47:31 Train-Acc Source Data: 0.7812
  0%|          | 0/6 [00:00<?, ?it/s]100%|##########| 6/6 [00:00<00:00, 149.22it/s]
04-14 08:47:31 Val-Acc Target Data: 0.3140
04-14 08:47:31 The best model epoch 5, val-acc 0.3393
04-14 08:47:31 -----Epoch 53/100-----
04-14 08:47:31 current lr: [3.200000000000001e-07]
  0%|          | 0/5 [00:00<?, ?it/s] 80%|########  | 4/5 [00:00<00:00, 38.64it/s]100%|##########| 5/5 [00:00<00:00, 38.46it/s]
04-14 08:47:31 Train-Loss Source Classifier: 0.6980
04-14 08:47:31 Train-Loss CORAL: 0.2758
04-14 08:47:31 Train-Acc Source Data: 0.7781
  0%|          | 0/6 [00:00<?, ?it/s]100%|##########| 6/6 [00:00<00:00, 163.83it/s]
04-14 08:47:31 Val-Acc Target Data: 0.3166
04-14 08:47:31 The best model epoch 5, val-acc 0.3393
04-14 08:47:31 -----Epoch 54/100-----
04-14 08:47:31 current lr: [3.200000000000001e-07]
  0%|          | 0/5 [00:00<?, ?it/s] 80%|########  | 4/5 [00:00<00:00, 38.15it/s]100%|##########| 5/5 [00:00<00:00, 36.92it/s]
04-14 08:47:31 Train-Loss Source Classifier: 0.6824
04-14 08:47:31 Train-Loss CORAL: 0.3000
04-14 08:47:31 Train-Acc Source Data: 0.7875
  0%|          | 0/6 [00:00<?, ?it/s]100%|##########| 6/6 [00:00<00:00, 154.12it/s]
04-14 08:47:31 Val-Acc Target Data: 0.3140
04-14 08:47:31 The best model epoch 5, val-acc 0.3393
04-14 08:47:31 -----Epoch 55/100-----
04-14 08:47:31 current lr: [3.200000000000001e-07]
  0%|          | 0/5 [00:00<?, ?it/s] 80%|########  | 4/5 [00:00<00:00, 38.74it/s]100%|##########| 5/5 [00:00<00:00, 37.59it/s]
04-14 08:47:31 Train-Loss Source Classifier: 0.7008
04-14 08:47:31 Train-Loss CORAL: 0.2629
04-14 08:47:31 Train-Acc Source Data: 0.7781
  0%|          | 0/6 [00:00<?, ?it/s]100%|##########| 6/6 [00:00<00:00, 166.31it/s]
04-14 08:47:32 Val-Acc Target Data: 0.3166
04-14 08:47:32 The best model epoch 5, val-acc 0.3393
04-14 08:47:32 -----Epoch 56/100-----
04-14 08:47:32 current lr: [3.200000000000001e-07]
  0%|          | 0/5 [00:00<?, ?it/s] 80%|########  | 4/5 [00:00<00:00, 39.19it/s]100%|##########| 5/5 [00:00<00:00, 38.14it/s]
04-14 08:47:32 Train-Loss Source Classifier: 0.6618
04-14 08:47:32 Train-Loss CORAL: 0.2710
04-14 08:47:32 Train-Acc Source Data: 0.7844
  0%|          | 0/6 [00:00<?, ?it/s]100%|##########| 6/6 [00:00<00:00, 166.64it/s]
04-14 08:47:32 Val-Acc Target Data: 0.3166
04-14 08:47:32 The best model epoch 5, val-acc 0.3393
04-14 08:47:32 -----Epoch 57/100-----
04-14 08:47:32 current lr: [3.200000000000001e-07]
  0%|          | 0/5 [00:00<?, ?it/s] 80%|########  | 4/5 [00:00<00:00, 38.11it/s]100%|##########| 5/5 [00:00<00:00, 39.27it/s]
04-14 08:47:32 Train-Loss Source Classifier: 0.6838
04-14 08:47:32 Train-Loss CORAL: 0.3010
04-14 08:47:32 Train-Acc Source Data: 0.7812
  0%|          | 0/6 [00:00<?, ?it/s]100%|##########| 6/6 [00:00<00:00, 164.89it/s]
04-14 08:47:32 Val-Acc Target Data: 0.3140
04-14 08:47:32 The best model epoch 5, val-acc 0.3393
04-14 08:47:32 -----Epoch 58/100-----
04-14 08:47:32 current lr: [3.200000000000001e-07]
  0%|          | 0/5 [00:00<?, ?it/s] 80%|########  | 4/5 [00:00<00:00, 35.77it/s]100%|##########| 5/5 [00:00<00:00, 36.20it/s]
04-14 08:47:32 Train-Loss Source Classifier: 0.6999
04-14 08:47:32 Train-Loss CORAL: 0.3010
04-14 08:47:32 Train-Acc Source Data: 0.7688
  0%|          | 0/6 [00:00<?, ?it/s]100%|##########| 6/6 [00:00<00:00, 155.66it/s]
04-14 08:47:32 Val-Acc Target Data: 0.3140
04-14 08:47:32 The best model epoch 5, val-acc 0.3393
04-14 08:47:32 -----Epoch 59/100-----
04-14 08:47:32 current lr: [3.200000000000001e-07]
  0%|          | 0/5 [00:00<?, ?it/s] 80%|########  | 4/5 [00:00<00:00, 37.33it/s]100%|##########| 5/5 [00:00<00:00, 36.73it/s]
04-14 08:47:32 Train-Loss Source Classifier: 0.6541
04-14 08:47:32 Train-Loss CORAL: 0.2503
04-14 08:47:32 Train-Acc Source Data: 0.7812
  0%|          | 0/6 [00:00<?, ?it/s]100%|##########| 6/6 [00:00<00:00, 156.94it/s]
04-14 08:47:32 Val-Acc Target Data: 0.3166
04-14 08:47:32 The best model epoch 5, val-acc 0.3393
04-14 08:47:32 -----Epoch 60/100-----
04-14 08:47:32 current lr: [3.200000000000001e-07]
  0%|          | 0/5 [00:00<?, ?it/s] 80%|########  | 4/5 [00:00<00:00, 37.99it/s]100%|##########| 5/5 [00:00<00:00, 36.91it/s]
04-14 08:47:32 Train-Loss Source Classifier: 0.6903
04-14 08:47:32 Train-Loss CORAL: 0.2845
04-14 08:47:32 Train-Acc Source Data: 0.7906
  0%|          | 0/6 [00:00<?, ?it/s]100%|##########| 6/6 [00:00<00:00, 164.96it/s]
04-14 08:47:32 Val-Acc Target Data: 0.3166
04-14 08:47:32 The best model epoch 5, val-acc 0.3393
04-14 08:47:32 -----Epoch 61/100-----
04-14 08:47:32 current lr: [6.400000000000003e-08]
  0%|          | 0/5 [00:00<?, ?it/s] 80%|########  | 4/5 [00:00<00:00, 37.78it/s]100%|##########| 5/5 [00:00<00:00, 36.97it/s]
04-14 08:47:33 Train-Loss Source Classifier: 0.6727
04-14 08:47:33 Train-Loss CORAL: 0.2990
04-14 08:47:33 Train-Acc Source Data: 0.8094
  0%|          | 0/6 [00:00<?, ?it/s]100%|##########| 6/6 [00:00<00:00, 165.20it/s]
04-14 08:47:33 Val-Acc Target Data: 0.3140
04-14 08:47:33 The best model epoch 5, val-acc 0.3393
04-14 08:47:33 -----Epoch 62/100-----
04-14 08:47:33 current lr: [6.400000000000003e-08]
  0%|          | 0/5 [00:00<?, ?it/s] 80%|########  | 4/5 [00:00<00:00, 38.41it/s]100%|##########| 5/5 [00:00<00:00, 37.26it/s]
04-14 08:47:33 Train-Loss Source Classifier: 0.6905
04-14 08:47:33 Train-Loss CORAL: 0.2734
04-14 08:47:33 Train-Acc Source Data: 0.7625
  0%|          | 0/6 [00:00<?, ?it/s]100%|##########| 6/6 [00:00<00:00, 152.55it/s]
04-14 08:47:33 Val-Acc Target Data: 0.3166
04-14 08:47:33 The best model epoch 5, val-acc 0.3393
04-14 08:47:33 -----Epoch 63/100-----
04-14 08:47:33 current lr: [6.400000000000003e-08]
  0%|          | 0/5 [00:00<?, ?it/s] 80%|########  | 4/5 [00:00<00:00, 37.96it/s]100%|##########| 5/5 [00:00<00:00, 37.30it/s]
04-14 08:47:33 Train-Loss Source Classifier: 0.6782
04-14 08:47:33 Train-Loss CORAL: 0.2506
04-14 08:47:33 Train-Acc Source Data: 0.7719
  0%|          | 0/6 [00:00<?, ?it/s]100%|##########| 6/6 [00:00<00:00, 164.70it/s]
04-14 08:47:33 Val-Acc Target Data: 0.3166
04-14 08:47:33 The best model epoch 5, val-acc 0.3393
04-14 08:47:33 -----Epoch 64/100-----
04-14 08:47:33 current lr: [6.400000000000003e-08]
  0%|          | 0/5 [00:00<?, ?it/s] 80%|########  | 4/5 [00:00<00:00, 38.06it/s]100%|##########| 5/5 [00:00<00:00, 36.44it/s]
04-14 08:47:33 Train-Loss Source Classifier: 0.7011
04-14 08:47:33 Train-Loss CORAL: 0.2618
04-14 08:47:33 Train-Acc Source Data: 0.7625
  0%|          | 0/6 [00:00<?, ?it/s]100%|##########| 6/6 [00:00<00:00, 164.46it/s]
04-14 08:47:33 Val-Acc Target Data: 0.3166
04-14 08:47:33 The best model epoch 5, val-acc 0.3393
04-14 08:47:33 -----Epoch 65/100-----
04-14 08:47:33 current lr: [6.400000000000003e-08]
  0%|          | 0/5 [00:00<?, ?it/s] 80%|########  | 4/5 [00:00<00:00, 39.77it/s]100%|##########| 5/5 [00:00<00:00, 37.74it/s]
04-14 08:47:33 Train-Loss Source Classifier: 0.6780
04-14 08:47:33 Train-Loss CORAL: 0.2716
04-14 08:47:33 Train-Acc Source Data: 0.7844
  0%|          | 0/6 [00:00<?, ?it/s]100%|##########| 6/6 [00:00<00:00, 156.02it/s]
04-14 08:47:33 Val-Acc Target Data: 0.3166
04-14 08:47:33 The best model epoch 5, val-acc 0.3393
04-14 08:47:33 -----Epoch 66/100-----
04-14 08:47:33 current lr: [6.400000000000003e-08]
  0%|          | 0/5 [00:00<?, ?it/s] 80%|########  | 4/5 [00:00<00:00, 39.16it/s]100%|##########| 5/5 [00:00<00:00, 38.56it/s]
04-14 08:47:33 Train-Loss Source Classifier: 0.6687
04-14 08:47:33 Train-Loss CORAL: 0.2915
04-14 08:47:33 Train-Acc Source Data: 0.7906
  0%|          | 0/6 [00:00<?, ?it/s]100%|##########| 6/6 [00:00<00:00, 162.60it/s]
04-14 08:47:33 Val-Acc Target Data: 0.3166
04-14 08:47:33 The best model epoch 5, val-acc 0.3393
04-14 08:47:33 -----Epoch 67/100-----
04-14 08:47:33 current lr: [6.400000000000003e-08]
  0%|          | 0/5 [00:00<?, ?it/s] 80%|########  | 4/5 [00:00<00:00, 38.06it/s]100%|##########| 5/5 [00:00<00:00, 37.33it/s]
04-14 08:47:34 Train-Loss Source Classifier: 0.7057
04-14 08:47:34 Train-Loss CORAL: 0.2551
04-14 08:47:34 Train-Acc Source Data: 0.7719
  0%|          | 0/6 [00:00<?, ?it/s]100%|##########| 6/6 [00:00<00:00, 164.12it/s]
04-14 08:47:34 Val-Acc Target Data: 0.3166
04-14 08:47:34 The best model epoch 5, val-acc 0.3393
04-14 08:47:34 -----Epoch 68/100-----
04-14 08:47:34 current lr: [6.400000000000003e-08]
  0%|          | 0/5 [00:00<?, ?it/s] 80%|########  | 4/5 [00:00<00:00, 38.39it/s]100%|##########| 5/5 [00:00<00:00, 36.75it/s]
04-14 08:47:34 Train-Loss Source Classifier: 0.7003
04-14 08:47:34 Train-Loss CORAL: 0.3017
04-14 08:47:34 Train-Acc Source Data: 0.7625
  0%|          | 0/6 [00:00<?, ?it/s]100%|##########| 6/6 [00:00<00:00, 164.82it/s]
04-14 08:47:34 Val-Acc Target Data: 0.3166
04-14 08:47:34 The best model epoch 5, val-acc 0.3393
04-14 08:47:34 -----Epoch 69/100-----
04-14 08:47:34 current lr: [6.400000000000003e-08]
  0%|          | 0/5 [00:00<?, ?it/s] 80%|########  | 4/5 [00:00<00:00, 37.37it/s]100%|##########| 5/5 [00:00<00:00, 38.47it/s]
04-14 08:47:34 Train-Loss Source Classifier: 0.6439
04-14 08:47:34 Train-Loss CORAL: 0.2813
04-14 08:47:34 Train-Acc Source Data: 0.8156
  0%|          | 0/6 [00:00<?, ?it/s]100%|##########| 6/6 [00:00<00:00, 166.50it/s]
04-14 08:47:34 Val-Acc Target Data: 0.3166
04-14 08:47:34 The best model epoch 5, val-acc 0.3393
04-14 08:47:34 -----Epoch 70/100-----
04-14 08:47:34 current lr: [6.400000000000003e-08]
  0%|          | 0/5 [00:00<?, ?it/s] 80%|########  | 4/5 [00:00<00:00, 37.94it/s]100%|##########| 5/5 [00:00<00:00, 38.91it/s]
04-14 08:47:34 Train-Loss Source Classifier: 0.7304
04-14 08:47:34 Train-Loss CORAL: 0.2958
04-14 08:47:34 Train-Acc Source Data: 0.7281
  0%|          | 0/6 [00:00<?, ?it/s]100%|##########| 6/6 [00:00<00:00, 166.01it/s]
04-14 08:47:34 Val-Acc Target Data: 0.3166
04-14 08:47:34 The best model epoch 5, val-acc 0.3393
04-14 08:47:34 -----Epoch 71/100-----
04-14 08:47:34 current lr: [1.2800000000000007e-08]
  0%|          | 0/5 [00:00<?, ?it/s] 80%|########  | 4/5 [00:00<00:00, 38.72it/s]100%|##########| 5/5 [00:00<00:00, 36.92it/s]
04-14 08:47:34 Train-Loss Source Classifier: 0.6445
04-14 08:47:34 Train-Loss CORAL: 0.2462
04-14 08:47:34 Train-Acc Source Data: 0.8125
  0%|          | 0/6 [00:00<?, ?it/s]100%|##########| 6/6 [00:00<00:00, 165.43it/s]
04-14 08:47:34 Val-Acc Target Data: 0.3166
04-14 08:47:34 The best model epoch 5, val-acc 0.3393
04-14 08:47:34 -----Epoch 72/100-----
04-14 08:47:34 current lr: [1.2800000000000007e-08]
