04-14 09:41:23 imba: False
04-14 09:41:23 model_name: ACDANN
04-14 09:41:23 Domain: CWRU
04-14 09:41:23 source: CWRU_2
04-14 09:41:23 target: CWRU_1
04-14 09:41:23 data_dir: ./datasets
04-14 09:41:23 train_mode: single_source
04-14 09:41:23 cuda_device: 0
04-14 09:41:23 save_dir: ./ckpt/ACDANN/single_source
04-14 09:41:23 max_epoch: 100
04-14 09:41:23 batch_size: 64
04-14 09:41:23 num_workers: 0
04-14 09:41:23 signal_size: 2048
04-14 09:41:23 random_state: 75
04-14 09:41:23 normlizetype: mean-std
04-14 09:41:23 opt: sgd
04-14 09:41:23 lr: 0.001
04-14 09:41:23 momentum: 0.9
04-14 09:41:23 betas: (0.9, 0.999)
04-14 09:41:23 weight_decay: 0.0005
04-14 09:41:23 lr_scheduler: stepLR
04-14 09:41:23 gamma: 0.2
04-14 09:41:23 steps: 10
04-14 09:41:23 tradeoff: ['exp', 'exp', 'exp']
04-14 09:41:23 dropout: 0.0
04-14 09:41:23 save: False
04-14 09:41:23 load_path: 
04-14 09:41:23 tsne: False
04-14 09:41:23 save_path: ./ckpt/ACDANN/single_source/[CWRU_2]To[CWRU_1]_0414-094123
04-14 09:41:23 Detect 4 classes: ['1normal', 'ball', 'inner', 'outer']
04-14 09:41:24 using 1 / 1 gpus
Loading source: CWRU, Condition: 2
Source Data Distribution:
04-14 09:41:27 Source set CWRU_2 number of samples 708.
+--------------+---------+
| Label        |   Count |
|--------------+---------|
| 0            |     177 |
| 1            |     177 |
| 2            |     177 |
| 3            |     177 |
| Dataset Size |     708 |
+--------------+---------+
Setting up target: CWRU, Condition: 1
Target Data Distribution:04-14 09:41:27 target training set number of samples 348.
+--------------+---------+-------+
|              |   train |   val |
|--------------+---------+-------|
| 0            |      87 |    87 |
| 1            |      87 |    87 |
| 2            |      87 |    87 |
| 3            |      87 |    87 |
| Dataset Size |     348 |   348 |
+--------------+---------+-------+

04-14 09:41:27 target validation set number of samples 348.
04-14 09:41:27 -----Epoch 1/100-----
04-14 09:41:27 current lr: [0.001, 0.001]
  0%|          | 0/5 [00:00<?, ?it/s] 60%|######    | 3/5 [00:00<00:00, 24.33it/s]100%|##########| 5/5 [00:00<00:00, 27.11it/s]
04-14 09:41:27 Train-Loss Source Classifier: 1.3826
04-14 09:41:27 Train-Loss Discriminator: 0.6932
04-14 09:41:27 Train-Acc Source Data: 0.2938
04-14 09:41:27 Train-Acc Discriminator: 0.4875
  0%|          | 0/6 [00:00<?, ?it/s]100%|##########| 6/6 [00:00<00:00, 162.07it/s]
04-14 09:41:27 Val-Acc Target Data: 0.2266
04-14 09:41:27 The best model epoch 1, val-acc 0.2266
04-14 09:41:27 -----Epoch 2/100-----
04-14 09:41:27 current lr: [0.001, 0.001]
  0%|          | 0/5 [00:00<?, ?it/s] 80%|########  | 4/5 [00:00<00:00, 34.85it/s]100%|##########| 5/5 [00:00<00:00, 34.66it/s]
04-14 09:41:27 Train-Loss Source Classifier: 1.3141
04-14 09:41:27 Train-Loss Discriminator: 0.6934
04-14 09:41:27 Train-Acc Source Data: 0.4719
04-14 09:41:27 Train-Acc Discriminator: 0.4844
  0%|          | 0/6 [00:00<?, ?it/s]100%|##########| 6/6 [00:00<00:00, 163.40it/s]
04-14 09:41:27 Val-Acc Target Data: 0.2266
04-14 09:41:27 The best model epoch 2, val-acc 0.2266
04-14 09:41:27 -----Epoch 3/100-----
04-14 09:41:27 current lr: [0.001, 0.001]
  0%|          | 0/5 [00:00<?, ?it/s] 80%|########  | 4/5 [00:00<00:00, 35.22it/s]100%|##########| 5/5 [00:00<00:00, 35.05it/s]
04-14 09:41:28 Train-Loss Source Classifier: 1.2032
04-14 09:41:28 Train-Loss Discriminator: 0.6931
04-14 09:41:28 Train-Acc Source Data: 0.5750
04-14 09:41:28 Train-Acc Discriminator: 0.4844
  0%|          | 0/6 [00:00<?, ?it/s]100%|##########| 6/6 [00:00<00:00, 163.62it/s]
04-14 09:41:28 Val-Acc Target Data: 0.2396
04-14 09:41:28 The best model epoch 3, val-acc 0.2396
04-14 09:41:28 -----Epoch 4/100-----
04-14 09:41:28 current lr: [0.001, 0.001]
  0%|          | 0/5 [00:00<?, ?it/s] 80%|########  | 4/5 [00:00<00:00, 36.80it/s]100%|##########| 5/5 [00:00<00:00, 34.76it/s]
04-14 09:41:28 Train-Loss Source Classifier: 1.1218
04-14 09:41:28 Train-Loss Discriminator: 0.6932
04-14 09:41:28 Train-Acc Source Data: 0.5312
04-14 09:41:28 Train-Acc Discriminator: 0.5000
  0%|          | 0/6 [00:00<?, ?it/s]100%|##########| 6/6 [00:00<00:00, 161.54it/s]
04-14 09:41:28 Val-Acc Target Data: 0.6250
04-14 09:41:28 The best model epoch 4, val-acc 0.6250
04-14 09:41:28 -----Epoch 5/100-----
04-14 09:41:28 current lr: [0.001, 0.001]
  0%|          | 0/5 [00:00<?, ?it/s] 80%|########  | 4/5 [00:00<00:00, 36.05it/s]100%|##########| 5/5 [00:00<00:00, 34.60it/s]
04-14 09:41:28 Train-Loss Source Classifier: 0.9739
04-14 09:41:28 Train-Loss Discriminator: 0.6929
04-14 09:41:28 Train-Acc Source Data: 0.7750
04-14 09:41:28 Train-Acc Discriminator: 0.5078
  0%|          | 0/6 [00:00<?, ?it/s]100%|##########| 6/6 [00:00<00:00, 144.64it/s]
04-14 09:41:28 Val-Acc Target Data: 0.6771
04-14 09:41:28 The best model epoch 5, val-acc 0.6771
04-14 09:41:28 -----Epoch 6/100-----
04-14 09:41:28 current lr: [0.001, 0.001]
  0%|          | 0/5 [00:00<?, ?it/s] 80%|########  | 4/5 [00:00<00:00, 35.16it/s]100%|##########| 5/5 [00:00<00:00, 34.28it/s]
04-14 09:41:28 Train-Loss Source Classifier: 0.8733
04-14 09:41:28 Train-Loss Discriminator: 0.6929
04-14 09:41:28 Train-Acc Source Data: 0.8219
04-14 09:41:28 Train-Acc Discriminator: 0.5203
  0%|          | 0/6 [00:00<?, ?it/s]100%|##########| 6/6 [00:00<00:00, 159.99it/s]
04-14 09:41:28 Val-Acc Target Data: 0.8374
04-14 09:41:28 The best model epoch 6, val-acc 0.8374
04-14 09:41:28 -----Epoch 7/100-----
04-14 09:41:28 current lr: [0.001, 0.001]
  0%|          | 0/5 [00:00<?, ?it/s] 80%|########  | 4/5 [00:00<00:00, 34.72it/s]100%|##########| 5/5 [00:00<00:00, 34.01it/s]
04-14 09:41:28 Train-Loss Source Classifier: 0.7286
04-14 09:41:28 Train-Loss Discriminator: 0.6925
04-14 09:41:28 Train-Acc Source Data: 0.8781
04-14 09:41:28 Train-Acc Discriminator: 0.5094
  0%|          | 0/6 [00:00<?, ?it/s]100%|##########| 6/6 [00:00<00:00, 163.38it/s]
04-14 09:41:28 Val-Acc Target Data: 0.8650
04-14 09:41:28 The best model epoch 7, val-acc 0.8650
04-14 09:41:28 -----Epoch 8/100-----
04-14 09:41:28 current lr: [0.001, 0.001]
  0%|          | 0/5 [00:00<?, ?it/s] 80%|########  | 4/5 [00:00<00:00, 34.46it/s]100%|##########| 5/5 [00:00<00:00, 33.91it/s]
04-14 09:41:29 Train-Loss Source Classifier: 0.6932
04-14 09:41:29 Train-Loss Discriminator: 0.6924
04-14 09:41:29 Train-Acc Source Data: 0.8906
04-14 09:41:29 Train-Acc Discriminator: 0.5437
  0%|          | 0/6 [00:00<?, ?it/s]100%|##########| 6/6 [00:00<00:00, 151.72it/s]
04-14 09:41:29 Val-Acc Target Data: 0.8795
04-14 09:41:29 The best model epoch 8, val-acc 0.8795
04-14 09:41:29 -----Epoch 9/100-----
04-14 09:41:29 current lr: [0.001, 0.001]
  0%|          | 0/5 [00:00<?, ?it/s] 80%|########  | 4/5 [00:00<00:00, 34.79it/s]100%|##########| 5/5 [00:00<00:00, 34.24it/s]
04-14 09:41:29 Train-Loss Source Classifier: 0.5741
04-14 09:41:29 Train-Loss Discriminator: 0.6920
04-14 09:41:29 Train-Acc Source Data: 0.8844
04-14 09:41:29 Train-Acc Discriminator: 0.5266
  0%|          | 0/6 [00:00<?, ?it/s]100%|##########| 6/6 [00:00<00:00, 143.03it/s]
04-14 09:41:29 Val-Acc Target Data: 0.8869
04-14 09:41:29 The best model epoch 9, val-acc 0.8869
04-14 09:41:29 -----Epoch 10/100-----
04-14 09:41:29 current lr: [0.001, 0.001]
  0%|          | 0/5 [00:00<?, ?it/s] 80%|########  | 4/5 [00:00<00:00, 35.52it/s]100%|##########| 5/5 [00:00<00:00, 35.13it/s]
04-14 09:41:29 Train-Loss Source Classifier: 0.5303
04-14 09:41:29 Train-Loss Discriminator: 0.6919
04-14 09:41:29 Train-Acc Source Data: 0.8969
04-14 09:41:29 Train-Acc Discriminator: 0.5422
  0%|          | 0/6 [00:00<?, ?it/s]100%|##########| 6/6 [00:00<00:00, 160.41it/s]
04-14 09:41:29 Val-Acc Target Data: 0.9077
04-14 09:41:29 The best model epoch 10, val-acc 0.9077
04-14 09:41:29 -----Epoch 11/100-----
04-14 09:41:29 current lr: [0.0002, 0.0002]
  0%|          | 0/5 [00:00<?, ?it/s] 80%|########  | 4/5 [00:00<00:00, 34.51it/s]100%|##########| 5/5 [00:00<00:00, 34.08it/s]
04-14 09:41:29 Train-Loss Source Classifier: 0.4567
04-14 09:41:29 Train-Loss Discriminator: 0.6925
04-14 09:41:29 Train-Acc Source Data: 0.9313
04-14 09:41:29 Train-Acc Discriminator: 0.5578
  0%|          | 0/6 [00:00<?, ?it/s]100%|##########| 6/6 [00:00<00:00, 160.53it/s]
04-14 09:41:29 Val-Acc Target Data: 0.9059
04-14 09:41:29 The best model epoch 10, val-acc 0.9077
04-14 09:41:29 -----Epoch 12/100-----
04-14 09:41:29 current lr: [0.0002, 0.0002]
  0%|          | 0/5 [00:00<?, ?it/s] 80%|########  | 4/5 [00:00<00:00, 35.03it/s]100%|##########| 5/5 [00:00<00:00, 34.17it/s]
04-14 09:41:29 Train-Loss Source Classifier: 0.4217
04-14 09:41:29 Train-Loss Discriminator: 0.6902
04-14 09:41:29 Train-Acc Source Data: 0.9375
04-14 09:41:29 Train-Acc Discriminator: 0.5891
  0%|          | 0/6 [00:00<?, ?it/s]100%|##########| 6/6 [00:00<00:00, 160.66it/s]
04-14 09:41:29 Val-Acc Target Data: 0.8824
04-14 09:41:29 The best model epoch 10, val-acc 0.9077
04-14 09:41:29 -----Epoch 13/100-----
04-14 09:41:29 current lr: [0.0002, 0.0002]
  0%|          | 0/5 [00:00<?, ?it/s] 80%|########  | 4/5 [00:00<00:00, 35.33it/s]100%|##########| 5/5 [00:00<00:00, 33.96it/s]
04-14 09:41:29 Train-Loss Source Classifier: 0.4632
04-14 09:41:29 Train-Loss Discriminator: 0.6911
04-14 09:41:29 Train-Acc Source Data: 0.9000
04-14 09:41:29 Train-Acc Discriminator: 0.5391
  0%|          | 0/6 [00:00<?, ?it/s]100%|##########| 6/6 [00:00<00:00, 156.69it/s]
04-14 09:41:30 Val-Acc Target Data: 0.8824
04-14 09:41:30 The best model epoch 10, val-acc 0.9077
04-14 09:41:30 -----Epoch 14/100-----
04-14 09:41:30 current lr: [0.0002, 0.0002]
  0%|          | 0/5 [00:00<?, ?it/s] 80%|########  | 4/5 [00:00<00:00, 35.80it/s]100%|##########| 5/5 [00:00<00:00, 34.01it/s]
04-14 09:41:30 Train-Loss Source Classifier: 0.4336
04-14 09:41:30 Train-Loss Discriminator: 0.6909
04-14 09:41:30 Train-Acc Source Data: 0.8844
04-14 09:41:30 Train-Acc Discriminator: 0.5609
  0%|          | 0/6 [00:00<?, ?it/s]100%|##########| 6/6 [00:00<00:00, 164.24it/s]
04-14 09:41:30 Val-Acc Target Data: 0.8929
04-14 09:41:30 The best model epoch 10, val-acc 0.9077
04-14 09:41:30 -----Epoch 15/100-----
04-14 09:41:30 current lr: [0.0002, 0.0002]
  0%|          | 0/5 [00:00<?, ?it/s] 80%|########  | 4/5 [00:00<00:00, 35.71it/s]100%|##########| 5/5 [00:00<00:00, 36.54it/s]
04-14 09:41:30 Train-Loss Source Classifier: 0.4237
04-14 09:41:30 Train-Loss Discriminator: 0.6900
04-14 09:41:30 Train-Acc Source Data: 0.9344
04-14 09:41:30 Train-Acc Discriminator: 0.5641
  0%|          | 0/6 [00:00<?, ?it/s]100%|##########| 6/6 [00:00<00:00, 151.24it/s]
04-14 09:41:30 Val-Acc Target Data: 0.9040
04-14 09:41:30 The best model epoch 10, val-acc 0.9077
04-14 09:41:30 -----Epoch 16/100-----
04-14 09:41:30 current lr: [0.0002, 0.0002]
  0%|          | 0/5 [00:00<?, ?it/s] 80%|########  | 4/5 [00:00<00:00, 35.92it/s]100%|##########| 5/5 [00:00<00:00, 34.94it/s]
04-14 09:41:30 Train-Loss Source Classifier: 0.4036
04-14 09:41:30 Train-Loss Discriminator: 0.6905
04-14 09:41:30 Train-Acc Source Data: 0.9062
04-14 09:41:30 Train-Acc Discriminator: 0.5687
  0%|          | 0/6 [00:00<?, ?it/s]100%|##########| 6/6 [00:00<00:00, 154.63it/s]
04-14 09:41:30 Val-Acc Target Data: 0.9196
04-14 09:41:30 The best model epoch 16, val-acc 0.9196
04-14 09:41:30 -----Epoch 17/100-----
04-14 09:41:30 current lr: [0.0002, 0.0002]
  0%|          | 0/5 [00:00<?, ?it/s] 80%|########  | 4/5 [00:00<00:00, 35.17it/s]100%|##########| 5/5 [00:00<00:00, 34.03it/s]
04-14 09:41:30 Train-Loss Source Classifier: 0.3923
04-14 09:41:30 Train-Loss Discriminator: 0.6909
04-14 09:41:30 Train-Acc Source Data: 0.9281
04-14 09:41:30 Train-Acc Discriminator: 0.5312
  0%|          | 0/6 [00:00<?, ?it/s]100%|##########| 6/6 [00:00<00:00, 157.97it/s]
04-14 09:41:30 Val-Acc Target Data: 0.9301
04-14 09:41:30 The best model epoch 17, val-acc 0.9301
04-14 09:41:30 -----Epoch 18/100-----
04-14 09:41:30 current lr: [0.0002, 0.0002]
  0%|          | 0/5 [00:00<?, ?it/s] 80%|########  | 4/5 [00:00<00:00, 37.00it/s]100%|##########| 5/5 [00:00<00:00, 34.76it/s]
04-14 09:41:30 Train-Loss Source Classifier: 0.3680
04-14 09:41:30 Train-Loss Discriminator: 0.6897
04-14 09:41:30 Train-Acc Source Data: 0.9281
04-14 09:41:30 Train-Acc Discriminator: 0.5703
  0%|          | 0/6 [00:00<?, ?it/s]100%|##########| 6/6 [00:00<00:00, 158.80it/s]
04-14 09:41:30 Val-Acc Target Data: 0.9249
04-14 09:41:30 The best model epoch 17, val-acc 0.9301
04-14 09:41:30 -----Epoch 19/100-----
04-14 09:41:30 current lr: [0.0002, 0.0002]
  0%|          | 0/5 [00:00<?, ?it/s] 80%|########  | 4/5 [00:00<00:00, 34.71it/s]100%|##########| 5/5 [00:00<00:00, 35.67it/s]
04-14 09:41:31 Train-Loss Source Classifier: 0.3561
04-14 09:41:31 Train-Loss Discriminator: 0.6899
04-14 09:41:31 Train-Acc Source Data: 0.9469
04-14 09:41:31 Train-Acc Discriminator: 0.5656
  0%|          | 0/6 [00:00<?, ?it/s]100%|##########| 6/6 [00:00<00:00, 162.70it/s]
04-14 09:41:31 Val-Acc Target Data: 0.9249
04-14 09:41:31 The best model epoch 17, val-acc 0.9301
04-14 09:41:31 -----Epoch 20/100-----
04-14 09:41:31 current lr: [0.0002, 0.0002]
  0%|          | 0/5 [00:00<?, ?it/s] 80%|########  | 4/5 [00:00<00:00, 34.02it/s]100%|##########| 5/5 [00:00<00:00, 35.08it/s]
04-14 09:41:31 Train-Loss Source Classifier: 0.3642
04-14 09:41:31 Train-Loss Discriminator: 0.6888
04-14 09:41:31 Train-Acc Source Data: 0.9437
04-14 09:41:31 Train-Acc Discriminator: 0.5781
  0%|          | 0/6 [00:00<?, ?it/s]100%|##########| 6/6 [00:00<00:00, 164.52it/s]
04-14 09:41:31 Val-Acc Target Data: 0.9222
04-14 09:41:31 The best model epoch 17, val-acc 0.9301
04-14 09:41:31 -----Epoch 21/100-----
04-14 09:41:31 current lr: [4e-05, 4e-05]
  0%|          | 0/5 [00:00<?, ?it/s] 80%|########  | 4/5 [00:00<00:00, 35.40it/s]100%|##########| 5/5 [00:00<00:00, 36.37it/s]
04-14 09:41:31 Train-Loss Source Classifier: 0.3354
04-14 09:41:31 Train-Loss Discriminator: 0.6896
04-14 09:41:31 Train-Acc Source Data: 0.9250
04-14 09:41:31 Train-Acc Discriminator: 0.5516
  0%|          | 0/6 [00:00<?, ?it/s]100%|##########| 6/6 [00:00<00:00, 164.46it/s]
04-14 09:41:31 Val-Acc Target Data: 0.9170
04-14 09:41:31 The best model epoch 17, val-acc 0.9301
04-14 09:41:31 -----Epoch 22/100-----
04-14 09:41:31 current lr: [4e-05, 4e-05]
  0%|          | 0/5 [00:00<?, ?it/s] 80%|########  | 4/5 [00:00<00:00, 35.88it/s]100%|##########| 5/5 [00:00<00:00, 34.65it/s]
04-14 09:41:31 Train-Loss Source Classifier: 0.3499
04-14 09:41:31 Train-Loss Discriminator: 0.6887
04-14 09:41:31 Train-Acc Source Data: 0.9187
04-14 09:41:31 Train-Acc Discriminator: 0.5797
  0%|          | 0/6 [00:00<?, ?it/s]100%|##########| 6/6 [00:00<00:00, 158.46it/s]
04-14 09:41:31 Val-Acc Target Data: 0.9170
04-14 09:41:31 The best model epoch 17, val-acc 0.9301
04-14 09:41:31 -----Epoch 23/100-----
04-14 09:41:31 current lr: [4e-05, 4e-05]
  0%|          | 0/5 [00:00<?, ?it/s] 80%|########  | 4/5 [00:00<00:00, 35.56it/s]100%|##########| 5/5 [00:00<00:00, 34.55it/s]
04-14 09:41:31 Train-Loss Source Classifier: 0.3321
04-14 09:41:31 Train-Loss Discriminator: 0.6895
04-14 09:41:31 Train-Acc Source Data: 0.9187
04-14 09:41:31 Train-Acc Discriminator: 0.5656
  0%|          | 0/6 [00:00<?, ?it/s]100%|##########| 6/6 [00:00<00:00, 157.82it/s]
04-14 09:41:31 Val-Acc Target Data: 0.9204
04-14 09:41:31 The best model epoch 17, val-acc 0.9301
04-14 09:41:31 -----Epoch 24/100-----
04-14 09:41:31 current lr: [4e-05, 4e-05]
  0%|          | 0/5 [00:00<?, ?it/s] 80%|########  | 4/5 [00:00<00:00, 35.19it/s]100%|##########| 5/5 [00:00<00:00, 35.03it/s]
04-14 09:41:32 Train-Loss Source Classifier: 0.3412
04-14 09:41:32 Train-Loss Discriminator: 0.6886
04-14 09:41:32 Train-Acc Source Data: 0.9344
04-14 09:41:32 Train-Acc Discriminator: 0.5938
  0%|          | 0/6 [00:00<?, ?it/s]100%|##########| 6/6 [00:00<00:00, 161.51it/s]
04-14 09:41:32 Val-Acc Target Data: 0.9222
04-14 09:41:32 The best model epoch 17, val-acc 0.9301
04-14 09:41:32 -----Epoch 25/100-----
04-14 09:41:32 current lr: [4e-05, 4e-05]
  0%|          | 0/5 [00:00<?, ?it/s] 80%|########  | 4/5 [00:00<00:00, 36.05it/s]100%|##########| 5/5 [00:00<00:00, 35.61it/s]
04-14 09:41:32 Train-Loss Source Classifier: 0.3328
04-14 09:41:32 Train-Loss Discriminator: 0.6897
04-14 09:41:32 Train-Acc Source Data: 0.9563
04-14 09:41:32 Train-Acc Discriminator: 0.5563
  0%|          | 0/6 [00:00<?, ?it/s]100%|##########| 6/6 [00:00<00:00, 148.24it/s]
04-14 09:41:32 Val-Acc Target Data: 0.9222
04-14 09:41:32 The best model epoch 17, val-acc 0.9301
04-14 09:41:32 -----Epoch 26/100-----
04-14 09:41:32 current lr: [4e-05, 4e-05]
  0%|          | 0/5 [00:00<?, ?it/s] 80%|########  | 4/5 [00:00<00:00, 35.87it/s]100%|##########| 5/5 [00:00<00:00, 35.41it/s]
04-14 09:41:32 Train-Loss Source Classifier: 0.3268
04-14 09:41:32 Train-Loss Discriminator: 0.6871
04-14 09:41:32 Train-Acc Source Data: 0.9437
04-14 09:41:32 Train-Acc Discriminator: 0.5938
  0%|          | 0/6 [00:00<?, ?it/s]100%|##########| 6/6 [00:00<00:00, 162.78it/s]
04-14 09:41:32 Val-Acc Target Data: 0.9222
04-14 09:41:32 The best model epoch 17, val-acc 0.9301
04-14 09:41:32 -----Epoch 27/100-----
04-14 09:41:32 current lr: [4e-05, 4e-05]
  0%|          | 0/5 [00:00<?, ?it/s] 80%|########  | 4/5 [00:00<00:00, 36.87it/s]100%|##########| 5/5 [00:00<00:00, 35.89it/s]
04-14 09:41:32 Train-Loss Source Classifier: 0.3568
04-14 09:41:32 Train-Loss Discriminator: 0.6891
04-14 09:41:32 Train-Acc Source Data: 0.8938
04-14 09:41:32 Train-Acc Discriminator: 0.5656
  0%|          | 0/6 [00:00<?, ?it/s]100%|##########| 6/6 [00:00<00:00, 163.72it/s]
04-14 09:41:32 Val-Acc Target Data: 0.9308
04-14 09:41:32 The best model epoch 27, val-acc 0.9308
04-14 09:41:32 -----Epoch 28/100-----
04-14 09:41:32 current lr: [4e-05, 4e-05]
  0%|          | 0/5 [00:00<?, ?it/s] 80%|########  | 4/5 [00:00<00:00, 36.83it/s]100%|##########| 5/5 [00:00<00:00, 36.31it/s]
04-14 09:41:32 Train-Loss Source Classifier: 0.3043
04-14 09:41:32 Train-Loss Discriminator: 0.6887
04-14 09:41:32 Train-Acc Source Data: 0.9594
04-14 09:41:32 Train-Acc Discriminator: 0.5953
  0%|          | 0/6 [00:00<?, ?it/s]100%|##########| 6/6 [00:00<00:00, 152.27it/s]
04-14 09:41:32 Val-Acc Target Data: 0.9360
04-14 09:41:32 The best model epoch 28, val-acc 0.9360
04-14 09:41:32 -----Epoch 29/100-----
04-14 09:41:32 current lr: [4e-05, 4e-05]
  0%|          | 0/5 [00:00<?, ?it/s] 80%|########  | 4/5 [00:00<00:00, 36.50it/s]100%|##########| 5/5 [00:00<00:00, 35.82it/s]
04-14 09:41:33 Train-Loss Source Classifier: 0.3360
04-14 09:41:33 Train-Loss Discriminator: 0.6873
04-14 09:41:33 Train-Acc Source Data: 0.9563
04-14 09:41:33 Train-Acc Discriminator: 0.6109
  0%|          | 0/6 [00:00<?, ?it/s]100%|##########| 6/6 [00:00<00:00, 164.65it/s]
04-14 09:41:33 Val-Acc Target Data: 0.9386
04-14 09:41:33 The best model epoch 29, val-acc 0.9386
04-14 09:41:33 -----Epoch 30/100-----
04-14 09:41:33 current lr: [4e-05, 4e-05]
  0%|          | 0/5 [00:00<?, ?it/s] 80%|########  | 4/5 [00:00<00:00, 35.57it/s]100%|##########| 5/5 [00:00<00:00, 35.03it/s]
04-14 09:41:33 Train-Loss Source Classifier: 0.3220
04-14 09:41:33 Train-Loss Discriminator: 0.6889
04-14 09:41:33 Train-Acc Source Data: 0.9469
04-14 09:41:33 Train-Acc Discriminator: 0.5641
  0%|          | 0/6 [00:00<?, ?it/s]100%|##########| 6/6 [00:00<00:00, 160.62it/s]
04-14 09:41:33 Val-Acc Target Data: 0.9420
04-14 09:41:33 The best model epoch 30, val-acc 0.9420
04-14 09:41:33 -----Epoch 31/100-----
04-14 09:41:33 current lr: [8.000000000000001e-06, 8.000000000000001e-06]
  0%|          | 0/5 [00:00<?, ?it/s] 80%|########  | 4/5 [00:00<00:00, 35.54it/s]100%|##########| 5/5 [00:00<00:00, 34.85it/s]
04-14 09:41:33 Train-Loss Source Classifier: 0.3042
04-14 09:41:33 Train-Loss Discriminator: 0.6892
04-14 09:41:33 Train-Acc Source Data: 0.9563
04-14 09:41:33 Train-Acc Discriminator: 0.5641
  0%|          | 0/6 [00:00<?, ?it/s]100%|##########| 6/6 [00:00<00:00, 163.55it/s]
04-14 09:41:33 Val-Acc Target Data: 0.9368
04-14 09:41:33 The best model epoch 30, val-acc 0.9420
04-14 09:41:33 -----Epoch 32/100-----
04-14 09:41:33 current lr: [8.000000000000001e-06, 8.000000000000001e-06]
  0%|          | 0/5 [00:00<?, ?it/s] 80%|########  | 4/5 [00:00<00:00, 36.68it/s]100%|##########| 5/5 [00:00<00:00, 35.92it/s]
04-14 09:41:33 Train-Loss Source Classifier: 0.3308
04-14 09:41:33 Train-Loss Discriminator: 0.6880
04-14 09:41:33 Train-Acc Source Data: 0.9719
04-14 09:41:33 Train-Acc Discriminator: 0.5766
  0%|          | 0/6 [00:00<?, ?it/s]100%|##########| 6/6 [00:00<00:00, 161.38it/s]
04-14 09:41:33 Val-Acc Target Data: 0.9420
04-14 09:41:33 The best model epoch 32, val-acc 0.9420
04-14 09:41:33 -----Epoch 33/100-----
04-14 09:41:33 current lr: [8.000000000000001e-06, 8.000000000000001e-06]
  0%|          | 0/5 [00:00<?, ?it/s] 80%|########  | 4/5 [00:00<00:00, 36.79it/s]100%|##########| 5/5 [00:00<00:00, 36.02it/s]
04-14 09:41:33 Train-Loss Source Classifier: 0.3102
04-14 09:41:33 Train-Loss Discriminator: 0.6869
04-14 09:41:33 Train-Acc Source Data: 0.9469
04-14 09:41:33 Train-Acc Discriminator: 0.6078
  0%|          | 0/6 [00:00<?, ?it/s]100%|##########| 6/6 [00:00<00:00, 163.12it/s]
04-14 09:41:33 Val-Acc Target Data: 0.9420
04-14 09:41:33 The best model epoch 33, val-acc 0.9420
04-14 09:41:33 -----Epoch 34/100-----
04-14 09:41:33 current lr: [8.000000000000001e-06, 8.000000000000001e-06]
  0%|          | 0/5 [00:00<?, ?it/s] 80%|########  | 4/5 [00:00<00:00, 36.00it/s]100%|##########| 5/5 [00:00<00:00, 35.43it/s]
04-14 09:41:33 Train-Loss Source Classifier: 0.3345
04-14 09:41:33 Train-Loss Discriminator: 0.6876
04-14 09:41:33 Train-Acc Source Data: 0.9625
04-14 09:41:33 Train-Acc Discriminator: 0.5719
  0%|          | 0/6 [00:00<?, ?it/s]100%|##########| 6/6 [00:00<00:00, 164.20it/s]
04-14 09:41:34 Val-Acc Target Data: 0.9446
04-14 09:41:34 The best model epoch 34, val-acc 0.9446
04-14 09:41:34 -----Epoch 35/100-----
04-14 09:41:34 current lr: [8.000000000000001e-06, 8.000000000000001e-06]
  0%|          | 0/5 [00:00<?, ?it/s] 80%|########  | 4/5 [00:00<00:00, 36.09it/s]100%|##########| 5/5 [00:00<00:00, 35.56it/s]
04-14 09:41:34 Train-Loss Source Classifier: 0.3118
04-14 09:41:34 Train-Loss Discriminator: 0.6873
04-14 09:41:34 Train-Acc Source Data: 0.9281
04-14 09:41:34 Train-Acc Discriminator: 0.5859
  0%|          | 0/6 [00:00<?, ?it/s]100%|##########| 6/6 [00:00<00:00, 164.34it/s]
04-14 09:41:34 Val-Acc Target Data: 0.9420
04-14 09:41:34 The best model epoch 34, val-acc 0.9446
04-14 09:41:34 -----Epoch 36/100-----
04-14 09:41:34 current lr: [8.000000000000001e-06, 8.000000000000001e-06]
  0%|          | 0/5 [00:00<?, ?it/s] 80%|########  | 4/5 [00:00<00:00, 36.91it/s]100%|##########| 5/5 [00:00<00:00, 35.46it/s]
04-14 09:41:34 Train-Loss Source Classifier: 0.3089
04-14 09:41:34 Train-Loss Discriminator: 0.6870
04-14 09:41:34 Train-Acc Source Data: 0.9500
04-14 09:41:34 Train-Acc Discriminator: 0.5813
  0%|          | 0/6 [00:00<?, ?it/s]100%|##########| 6/6 [00:00<00:00, 161.21it/s]
04-14 09:41:34 Val-Acc Target Data: 0.9394
04-14 09:41:34 The best model epoch 34, val-acc 0.9446
04-14 09:41:34 -----Epoch 37/100-----
04-14 09:41:34 current lr: [8.000000000000001e-06, 8.000000000000001e-06]
  0%|          | 0/5 [00:00<?, ?it/s] 80%|########  | 4/5 [00:00<00:00, 36.70it/s]100%|##########| 5/5 [00:00<00:00, 36.81it/s]
04-14 09:41:34 Train-Loss Source Classifier: 0.3356
04-14 09:41:34 Train-Loss Discriminator: 0.6881
04-14 09:41:34 Train-Acc Source Data: 0.9469
04-14 09:41:34 Train-Acc Discriminator: 0.5828
  0%|          | 0/6 [00:00<?, ?it/s]100%|##########| 6/6 [00:00<00:00, 164.59it/s]
04-14 09:41:34 Val-Acc Target Data: 0.9446
04-14 09:41:34 The best model epoch 37, val-acc 0.9446
04-14 09:41:34 -----Epoch 38/100-----
04-14 09:41:34 current lr: [8.000000000000001e-06, 8.000000000000001e-06]
  0%|          | 0/5 [00:00<?, ?it/s] 80%|########  | 4/5 [00:00<00:00, 35.37it/s]100%|##########| 5/5 [00:00<00:00, 35.06it/s]
04-14 09:41:34 Train-Loss Source Classifier: 0.3154
04-14 09:41:34 Train-Loss Discriminator: 0.6896
04-14 09:41:34 Train-Acc Source Data: 0.9688
04-14 09:41:34 Train-Acc Discriminator: 0.5641
  0%|          | 0/6 [00:00<?, ?it/s]100%|##########| 6/6 [00:00<00:00, 162.95it/s]
04-14 09:41:34 Val-Acc Target Data: 0.9446
04-14 09:41:34 The best model epoch 38, val-acc 0.9446
04-14 09:41:34 -----Epoch 39/100-----
04-14 09:41:34 current lr: [8.000000000000001e-06, 8.000000000000001e-06]
  0%|          | 0/5 [00:00<?, ?it/s] 80%|########  | 4/5 [00:00<00:00, 36.72it/s]100%|##########| 5/5 [00:00<00:00, 35.73it/s]
04-14 09:41:34 Train-Loss Source Classifier: 0.3008
04-14 09:41:34 Train-Loss Discriminator: 0.6878
04-14 09:41:34 Train-Acc Source Data: 0.9406
04-14 09:41:34 Train-Acc Discriminator: 0.5797
  0%|          | 0/6 [00:00<?, ?it/s]100%|##########| 6/6 [00:00<00:00, 163.24it/s]
04-14 09:41:34 Val-Acc Target Data: 0.9394
04-14 09:41:34 The best model epoch 38, val-acc 0.9446
04-14 09:41:34 -----Epoch 40/100-----
04-14 09:41:34 current lr: [8.000000000000001e-06, 8.000000000000001e-06]
  0%|          | 0/5 [00:00<?, ?it/s] 80%|########  | 4/5 [00:00<00:00, 36.83it/s]100%|##########| 5/5 [00:00<00:00, 35.31it/s]
04-14 09:41:35 Train-Loss Source Classifier: 0.3225
04-14 09:41:35 Train-Loss Discriminator: 0.6871
04-14 09:41:35 Train-Acc Source Data: 0.9625
04-14 09:41:35 Train-Acc Discriminator: 0.6109
  0%|          | 0/6 [00:00<?, ?it/s]100%|##########| 6/6 [00:00<00:00, 165.05it/s]
04-14 09:41:35 Val-Acc Target Data: 0.9394
04-14 09:41:35 The best model epoch 38, val-acc 0.9446
04-14 09:41:35 -----Epoch 41/100-----
04-14 09:41:35 current lr: [1.6000000000000004e-06, 1.6000000000000004e-06]
  0%|          | 0/5 [00:00<?, ?it/s] 80%|########  | 4/5 [00:00<00:00, 35.96it/s]100%|##########| 5/5 [00:00<00:00, 35.80it/s]
04-14 09:41:35 Train-Loss Source Classifier: 0.3366
04-14 09:41:35 Train-Loss Discriminator: 0.6886
04-14 09:41:35 Train-Acc Source Data: 0.9250
04-14 09:41:35 Train-Acc Discriminator: 0.5891
  0%|          | 0/6 [00:00<?, ?it/s]100%|##########| 6/6 [00:00<00:00, 165.44it/s]
04-14 09:41:35 Val-Acc Target Data: 0.9394
04-14 09:41:35 The best model epoch 38, val-acc 0.9446
04-14 09:41:35 -----Epoch 42/100-----
04-14 09:41:35 current lr: [1.6000000000000004e-06, 1.6000000000000004e-06]
  0%|          | 0/5 [00:00<?, ?it/s] 80%|########  | 4/5 [00:00<00:00, 35.62it/s]100%|##########| 5/5 [00:00<00:00, 34.34it/s]
04-14 09:41:35 Train-Loss Source Classifier: 0.3047
04-14 09:41:35 Train-Loss Discriminator: 0.6895
04-14 09:41:35 Train-Acc Source Data: 0.9531
04-14 09:41:35 Train-Acc Discriminator: 0.5734
  0%|          | 0/6 [00:00<?, ?it/s]100%|##########| 6/6 [00:00<00:00, 158.42it/s]
04-14 09:41:35 Val-Acc Target Data: 0.9394
04-14 09:41:35 The best model epoch 38, val-acc 0.9446
04-14 09:41:35 -----Epoch 43/100-----
04-14 09:41:35 current lr: [1.6000000000000004e-06, 1.6000000000000004e-06]
  0%|          | 0/5 [00:00<?, ?it/s] 80%|########  | 4/5 [00:00<00:00, 35.82it/s]100%|##########| 5/5 [00:00<00:00, 35.43it/s]
04-14 09:41:35 Train-Loss Source Classifier: 0.3115
04-14 09:41:35 Train-Loss Discriminator: 0.6889
04-14 09:41:35 Train-Acc Source Data: 0.9469
04-14 09:41:35 Train-Acc Discriminator: 0.5641
  0%|          | 0/6 [00:00<?, ?it/s]100%|##########| 6/6 [00:00<00:00, 164.32it/s]
04-14 09:41:35 Val-Acc Target Data: 0.9342
04-14 09:41:35 The best model epoch 38, val-acc 0.9446
04-14 09:41:35 -----Epoch 44/100-----
04-14 09:41:35 current lr: [1.6000000000000004e-06, 1.6000000000000004e-06]
  0%|          | 0/5 [00:00<?, ?it/s] 80%|########  | 4/5 [00:00<00:00, 36.27it/s]100%|##########| 5/5 [00:00<00:00, 35.55it/s]
04-14 09:41:35 Train-Loss Source Classifier: 0.3073
04-14 09:41:35 Train-Loss Discriminator: 0.6872
04-14 09:41:35 Train-Acc Source Data: 0.9625
04-14 09:41:35 Train-Acc Discriminator: 0.5875
  0%|          | 0/6 [00:00<?, ?it/s]100%|##########| 6/6 [00:00<00:00, 163.34it/s]
04-14 09:41:35 Val-Acc Target Data: 0.9420
04-14 09:41:35 The best model epoch 38, val-acc 0.9446
04-14 09:41:35 -----Epoch 45/100-----
04-14 09:41:35 current lr: [1.6000000000000004e-06, 1.6000000000000004e-06]
  0%|          | 0/5 [00:00<?, ?it/s] 80%|########  | 4/5 [00:00<00:00, 35.60it/s]100%|##########| 5/5 [00:00<00:00, 35.35it/s]
04-14 09:41:36 Train-Loss Source Classifier: 0.2951
04-14 09:41:36 Train-Loss Discriminator: 0.6879
04-14 09:41:36 Train-Acc Source Data: 0.9688
04-14 09:41:36 Train-Acc Discriminator: 0.5828
  0%|          | 0/6 [00:00<?, ?it/s]100%|##########| 6/6 [00:00<00:00, 164.96it/s]
04-14 09:41:36 Val-Acc Target Data: 0.9472
04-14 09:41:36 The best model epoch 45, val-acc 0.9472
04-14 09:41:36 -----Epoch 46/100-----
04-14 09:41:36 current lr: [1.6000000000000004e-06, 1.6000000000000004e-06]
  0%|          | 0/5 [00:00<?, ?it/s] 80%|########  | 4/5 [00:00<00:00, 35.36it/s]100%|##########| 5/5 [00:00<00:00, 34.66it/s]
04-14 09:41:36 Train-Loss Source Classifier: 0.3425
04-14 09:41:36 Train-Loss Discriminator: 0.6873
04-14 09:41:36 Train-Acc Source Data: 0.9219
04-14 09:41:36 Train-Acc Discriminator: 0.5828
  0%|          | 0/6 [00:00<?, ?it/s]100%|##########| 6/6 [00:00<00:00, 154.39it/s]
04-14 09:41:36 Val-Acc Target Data: 0.9420
04-14 09:41:36 The best model epoch 45, val-acc 0.9472
04-14 09:41:36 -----Epoch 47/100-----
04-14 09:41:36 current lr: [1.6000000000000004e-06, 1.6000000000000004e-06]
  0%|          | 0/5 [00:00<?, ?it/s] 80%|########  | 4/5 [00:00<00:00, 36.37it/s]100%|##########| 5/5 [00:00<00:00, 35.64it/s]
04-14 09:41:36 Train-Loss Source Classifier: 0.3191
04-14 09:41:36 Train-Loss Discriminator: 0.6879
04-14 09:41:36 Train-Acc Source Data: 0.9625
04-14 09:41:36 Train-Acc Discriminator: 0.5844
  0%|          | 0/6 [00:00<?, ?it/s]100%|##########| 6/6 [00:00<00:00, 160.72it/s]
04-14 09:41:36 Val-Acc Target Data: 0.9446
04-14 09:41:36 The best model epoch 45, val-acc 0.9472
04-14 09:41:36 -----Epoch 48/100-----
04-14 09:41:36 current lr: [1.6000000000000004e-06, 1.6000000000000004e-06]
  0%|          | 0/5 [00:00<?, ?it/s] 80%|########  | 4/5 [00:00<00:00, 36.19it/s]100%|##########| 5/5 [00:00<00:00, 35.74it/s]
04-14 09:41:36 Train-Loss Source Classifier: 0.3196
04-14 09:41:36 Train-Loss Discriminator: 0.6878
04-14 09:41:36 Train-Acc Source Data: 0.9469
04-14 09:41:36 Train-Acc Discriminator: 0.6062
  0%|          | 0/6 [00:00<?, ?it/s]100%|##########| 6/6 [00:00<00:00, 161.15it/s]
04-14 09:41:36 Val-Acc Target Data: 0.9446
04-14 09:41:36 The best model epoch 45, val-acc 0.9472
04-14 09:41:36 -----Epoch 49/100-----
04-14 09:41:36 current lr: [1.6000000000000004e-06, 1.6000000000000004e-06]
  0%|          | 0/5 [00:00<?, ?it/s] 80%|########  | 4/5 [00:00<00:00, 36.09it/s]100%|##########| 5/5 [00:00<00:00, 35.64it/s]
04-14 09:41:36 Train-Loss Source Classifier: 0.3040
04-14 09:41:36 Train-Loss Discriminator: 0.6897
04-14 09:41:36 Train-Acc Source Data: 0.9375
04-14 09:41:36 Train-Acc Discriminator: 0.5359
  0%|          | 0/6 [00:00<?, ?it/s]100%|##########| 6/6 [00:00<00:00, 161.76it/s]
04-14 09:41:36 Val-Acc Target Data: 0.9420
04-14 09:41:36 The best model epoch 45, val-acc 0.9472
04-14 09:41:36 -----Epoch 50/100-----
04-14 09:41:36 current lr: [1.6000000000000004e-06, 1.6000000000000004e-06]
  0%|          | 0/5 [00:00<?, ?it/s] 80%|########  | 4/5 [00:00<00:00, 36.03it/s]100%|##########| 5/5 [00:00<00:00, 35.04it/s]
04-14 09:41:37 Train-Loss Source Classifier: 0.3270
04-14 09:41:37 Train-Loss Discriminator: 0.6854
04-14 09:41:37 Train-Acc Source Data: 0.9500
04-14 09:41:37 Train-Acc Discriminator: 0.6203
  0%|          | 0/6 [00:00<?, ?it/s]100%|##########| 6/6 [00:00<00:00, 165.56it/s]
04-14 09:41:37 Val-Acc Target Data: 0.9394
04-14 09:41:37 The best model epoch 45, val-acc 0.9472
04-14 09:41:37 -----Epoch 51/100-----
04-14 09:41:37 current lr: [3.200000000000001e-07, 3.200000000000001e-07]
  0%|          | 0/5 [00:00<?, ?it/s] 80%|########  | 4/5 [00:00<00:00, 36.33it/s]100%|##########| 5/5 [00:00<00:00, 35.81it/s]
04-14 09:41:37 Train-Loss Source Classifier: 0.3123
04-14 09:41:37 Train-Loss Discriminator: 0.6895
04-14 09:41:37 Train-Acc Source Data: 0.9500
04-14 09:41:37 Train-Acc Discriminator: 0.5484
  0%|          | 0/6 [00:00<?, ?it/s]100%|##########| 6/6 [00:00<00:00, 165.22it/s]
04-14 09:41:37 Val-Acc Target Data: 0.9420
04-14 09:41:37 The best model epoch 45, val-acc 0.9472
04-14 09:41:37 -----Epoch 52/100-----
04-14 09:41:37 current lr: [3.200000000000001e-07, 3.200000000000001e-07]
  0%|          | 0/5 [00:00<?, ?it/s] 80%|########  | 4/5 [00:00<00:00, 36.39it/s]100%|##########| 5/5 [00:00<00:00, 35.40it/s]
04-14 09:41:37 Train-Loss Source Classifier: 0.3034
04-14 09:41:37 Train-Loss Discriminator: 0.6884
04-14 09:41:37 Train-Acc Source Data: 0.9500
04-14 09:41:37 Train-Acc Discriminator: 0.5844
  0%|          | 0/6 [00:00<?, ?it/s]100%|##########| 6/6 [00:00<00:00, 165.01it/s]
04-14 09:41:37 Val-Acc Target Data: 0.9394
04-14 09:41:37 The best model epoch 45, val-acc 0.9472
04-14 09:41:37 -----Epoch 53/100-----
04-14 09:41:37 current lr: [3.200000000000001e-07, 3.200000000000001e-07]
  0%|          | 0/5 [00:00<?, ?it/s] 80%|########  | 4/5 [00:00<00:00, 36.83it/s]100%|##########| 5/5 [00:00<00:00, 36.11it/s]
04-14 09:41:37 Train-Loss Source Classifier: 0.3171
04-14 09:41:37 Train-Loss Discriminator: 0.6860
04-14 09:41:37 Train-Acc Source Data: 0.9437
04-14 09:41:37 Train-Acc Discriminator: 0.6219
  0%|          | 0/6 [00:00<?, ?it/s]100%|##########| 6/6 [00:00<00:00, 161.88it/s]
04-14 09:41:37 Val-Acc Target Data: 0.9368
04-14 09:41:37 The best model epoch 45, val-acc 0.9472
04-14 09:41:37 -----Epoch 54/100-----
04-14 09:41:37 current lr: [3.200000000000001e-07, 3.200000000000001e-07]
  0%|          | 0/5 [00:00<?, ?it/s] 80%|########  | 4/5 [00:00<00:00, 36.27it/s]100%|##########| 5/5 [00:00<00:00, 36.12it/s]
04-14 09:41:37 Train-Loss Source Classifier: 0.3065
04-14 09:41:37 Train-Loss Discriminator: 0.6884
04-14 09:41:37 Train-Acc Source Data: 0.9594
04-14 09:41:37 Train-Acc Discriminator: 0.5828
  0%|          | 0/6 [00:00<?, ?it/s]100%|##########| 6/6 [00:00<00:00, 161.26it/s]
04-14 09:41:37 Val-Acc Target Data: 0.9420
04-14 09:41:37 The best model epoch 45, val-acc 0.9472
04-14 09:41:37 -----Epoch 55/100-----
04-14 09:41:37 current lr: [3.200000000000001e-07, 3.200000000000001e-07]
  0%|          | 0/5 [00:00<?, ?it/s] 80%|########  | 4/5 [00:00<00:00, 37.06it/s]100%|##########| 5/5 [00:00<00:00, 35.97it/s]
04-14 09:41:37 Train-Loss Source Classifier: 0.3238
04-14 09:41:37 Train-Loss Discriminator: 0.6879
04-14 09:41:37 Train-Acc Source Data: 0.9375
04-14 09:41:37 Train-Acc Discriminator: 0.5703
  0%|          | 0/6 [00:00<?, ?it/s]100%|##########| 6/6 [00:00<00:00, 163.62it/s]
04-14 09:41:37 Val-Acc Target Data: 0.9420
04-14 09:41:37 The best model epoch 45, val-acc 0.9472
04-14 09:41:37 -----Epoch 56/100-----
04-14 09:41:37 current lr: [3.200000000000001e-07, 3.200000000000001e-07]
  0%|          | 0/5 [00:00<?, ?it/s] 80%|########  | 4/5 [00:00<00:00, 36.01it/s]100%|##########| 5/5 [00:00<00:00, 35.64it/s]
04-14 09:41:38 Train-Loss Source Classifier: 0.3068
04-14 09:41:38 Train-Loss Discriminator: 0.6875
04-14 09:41:38 Train-Acc Source Data: 0.9437
04-14 09:41:38 Train-Acc Discriminator: 0.5625
  0%|          | 0/6 [00:00<?, ?it/s]100%|##########| 6/6 [00:00<00:00, 162.49it/s]
04-14 09:41:38 Val-Acc Target Data: 0.9420
04-14 09:41:38 The best model epoch 45, val-acc 0.9472
04-14 09:41:38 -----Epoch 57/100-----
04-14 09:41:38 current lr: [3.200000000000001e-07, 3.200000000000001e-07]
  0%|          | 0/5 [00:00<?, ?it/s] 80%|########  | 4/5 [00:00<00:00, 35.79it/s]100%|##########| 5/5 [00:00<00:00, 35.39it/s]
04-14 09:41:38 Train-Loss Source Classifier: 0.3301
04-14 09:41:38 Train-Loss Discriminator: 0.6863
04-14 09:41:38 Train-Acc Source Data: 0.9437
04-14 09:41:38 Train-Acc Discriminator: 0.5953
  0%|          | 0/6 [00:00<?, ?it/s]100%|##########| 6/6 [00:00<00:00, 164.73it/s]
04-14 09:41:38 Val-Acc Target Data: 0.9446
04-14 09:41:38 The best model epoch 45, val-acc 0.9472
04-14 09:41:38 -----Epoch 58/100-----
04-14 09:41:38 current lr: [3.200000000000001e-07, 3.200000000000001e-07]
  0%|          | 0/5 [00:00<?, ?it/s] 80%|########  | 4/5 [00:00<00:00, 37.19it/s]100%|##########| 5/5 [00:00<00:00, 35.96it/s]
04-14 09:41:38 Train-Loss Source Classifier: 0.3098
04-14 09:41:38 Train-Loss Discriminator: 0.6891
04-14 09:41:38 Train-Acc Source Data: 0.9844
04-14 09:41:38 Train-Acc Discriminator: 0.5359
  0%|          | 0/6 [00:00<?, ?it/s]100%|##########| 6/6 [00:00<00:00, 165.78it/s]
04-14 09:41:38 Val-Acc Target Data: 0.9446
04-14 09:41:38 The best model epoch 45, val-acc 0.9472
04-14 09:41:38 -----Epoch 59/100-----
04-14 09:41:38 current lr: [3.200000000000001e-07, 3.200000000000001e-07]
  0%|          | 0/5 [00:00<?, ?it/s] 80%|########  | 4/5 [00:00<00:00, 35.37it/s]100%|##########| 5/5 [00:00<00:00, 34.77it/s]
04-14 09:41:38 Train-Loss Source Classifier: 0.3181
04-14 09:41:38 Train-Loss Discriminator: 0.6854
04-14 09:41:38 Train-Acc Source Data: 0.9469
04-14 09:41:38 Train-Acc Discriminator: 0.6016
  0%|          | 0/6 [00:00<?, ?it/s]100%|##########| 6/6 [00:00<00:00, 155.64it/s]
04-14 09:41:38 Val-Acc Target Data: 0.9472
04-14 09:41:38 The best model epoch 59, val-acc 0.9472
04-14 09:41:38 -----Epoch 60/100-----
04-14 09:41:38 current lr: [3.200000000000001e-07, 3.200000000000001e-07]
  0%|          | 0/5 [00:00<?, ?it/s] 80%|########  | 4/5 [00:00<00:00, 36.36it/s]100%|##########| 5/5 [00:00<00:00, 36.01it/s]
04-14 09:41:38 Train-Loss Source Classifier: 0.3182
04-14 09:41:38 Train-Loss Discriminator: 0.6902
04-14 09:41:38 Train-Acc Source Data: 0.9281
04-14 09:41:38 Train-Acc Discriminator: 0.5641
  0%|          | 0/6 [00:00<?, ?it/s]100%|##########| 6/6 [00:00<00:00, 165.07it/s]
04-14 09:41:38 Val-Acc Target Data: 0.9394
04-14 09:41:38 The best model epoch 59, val-acc 0.9472
04-14 09:41:38 -----Epoch 61/100-----
04-14 09:41:38 current lr: [6.400000000000003e-08, 6.400000000000003e-08]
  0%|          | 0/5 [00:00<?, ?it/s] 80%|########  | 4/5 [00:00<00:00, 36.33it/s]100%|##########| 5/5 [00:00<00:00, 35.47it/s]
04-14 09:41:39 Train-Loss Source Classifier: 0.3100
04-14 09:41:39 Train-Loss Discriminator: 0.6868
04-14 09:41:39 Train-Acc Source Data: 0.9688
04-14 09:41:39 Train-Acc Discriminator: 0.6000
  0%|          | 0/6 [00:00<?, ?it/s]100%|##########| 6/6 [00:00<00:00, 161.51it/s]
04-14 09:41:39 Val-Acc Target Data: 0.9420
04-14 09:41:39 The best model epoch 59, val-acc 0.9472
04-14 09:41:39 -----Epoch 62/100-----
04-14 09:41:39 current lr: [6.400000000000003e-08, 6.400000000000003e-08]
  0%|          | 0/5 [00:00<?, ?it/s] 80%|########  | 4/5 [00:00<00:00, 35.54it/s]100%|##########| 5/5 [00:00<00:00, 35.33it/s]
04-14 09:41:39 Train-Loss Source Classifier: 0.3280
04-14 09:41:39 Train-Loss Discriminator: 0.6880
04-14 09:41:39 Train-Acc Source Data: 0.9531
04-14 09:41:39 Train-Acc Discriminator: 0.5531
  0%|          | 0/6 [00:00<?, ?it/s]100%|##########| 6/6 [00:00<00:00, 163.86it/s]
04-14 09:41:39 Val-Acc Target Data: 0.9446
04-14 09:41:39 The best model epoch 59, val-acc 0.9472
04-14 09:41:39 -----Epoch 63/100-----
04-14 09:41:39 current lr: [6.400000000000003e-08, 6.400000000000003e-08]
  0%|          | 0/5 [00:00<?, ?it/s] 80%|########  | 4/5 [00:00<00:00, 36.36it/s]100%|##########| 5/5 [00:00<00:00, 35.57it/s]
04-14 09:41:39 Train-Loss Source Classifier: 0.2936
04-14 09:41:39 Train-Loss Discriminator: 0.6880
04-14 09:41:39 Train-Acc Source Data: 0.9531
04-14 09:41:39 Train-Acc Discriminator: 0.5703
  0%|          | 0/6 [00:00<?, ?it/s]100%|##########| 6/6 [00:00<00:00, 164.13it/s]
04-14 09:41:39 Val-Acc Target Data: 0.9394
04-14 09:41:39 The best model epoch 59, val-acc 0.9472
