04-14 08:40:13 imba: False
04-14 08:40:13 model_name: CORAL
04-14 08:40:13 Domain: Cross-machine
04-14 08:40:13 source: CWRU_1
04-14 08:40:13 target: JNU_0
04-14 08:40:13 data_dir: ./datasets
04-14 08:40:13 train_mode: single_source
04-14 08:40:13 cuda_device: 0
04-14 08:40:13 save_dir: ./ckpt/CORAL/single_source
04-14 08:40:13 max_epoch: 100
04-14 08:40:13 batch_size: 64
04-14 08:40:13 num_workers: 0
04-14 08:40:13 signal_size: 2048
04-14 08:40:13 random_state: 75
04-14 08:40:13 normlizetype: mean-std
04-14 08:40:13 opt: sgd
04-14 08:40:13 lr: 0.001
04-14 08:40:13 momentum: 0.9
04-14 08:40:13 betas: (0.9, 0.999)
04-14 08:40:13 weight_decay: 0.0005
04-14 08:40:13 lr_scheduler: stepLR
04-14 08:40:13 gamma: 0.2
04-14 08:40:13 steps: 10
04-14 08:40:13 tradeoff: ['exp', 'exp', 'exp']
04-14 08:40:13 dropout: 0.0
04-14 08:40:13 save: False
04-14 08:40:13 load_path: 
04-14 08:40:13 tsne: False
04-14 08:40:13 save_path: ./ckpt/CORAL/single_source/[CWRU_1]To[JNU_0]_0414-084013
04-14 08:40:13 Detect 4 classes: ['1normal', 'ball', 'inner', 'outer']
04-14 08:40:14 using 1 / 1 gpus
Loading source: CWRU, Condition: 1
Source Data Distribution:
04-14 08:40:16 Source set CWRU_1 number of samples 708.
+--------------+---------+
| Label        |   Count |
|--------------+---------|
| 0            |     177 |
| 1            |     177 |
| 2            |     177 |
| 3            |     177 |
| Dataset Size |     708 |
+--------------+---------+
Setting up target: JNU, Condition: 0
04-14 08:40:24 target training set number of samples 488.
Target Data Distribution:
04-14 08:40:24 target validation set number of samples 488.
+--------------+---------+-------+
|              |   train |   val |
|--------------+---------+-------|
| 0            |     122 |   122 |
| 1            |     122 |   122 |
| 2            |     122 |   122 |
| 3            |     122 |   122 |
| Dataset Size |     488 |   488 |
+--------------+---------+-------+
04-14 08:40:24 -----Epoch 1/100-----
04-14 08:40:24 current lr: [0.001]
  0%|          | 0/7 [00:00<?, ?it/s] 43%|####2     | 3/7 [00:00<00:00, 25.24it/s]100%|##########| 7/7 [00:00<00:00, 31.87it/s]100%|##########| 7/7 [00:00<00:00, 30.79it/s]
04-14 08:40:24 Train-Loss Source Classifier: 1.3816
04-14 08:40:24 Train-Loss CORAL: 1.7850
04-14 08:40:24 Train-Acc Source Data: 0.2500
  0%|          | 0/8 [00:00<?, ?it/s]100%|##########| 8/8 [00:00<00:00, 164.33it/s]
04-14 08:40:24 Val-Acc Target Data: 0.2383
04-14 08:40:24 The best model epoch 1, val-acc 0.2383
04-14 08:40:24 -----Epoch 2/100-----
04-14 08:40:24 current lr: [0.001]
  0%|          | 0/7 [00:00<?, ?it/s] 57%|#####7    | 4/7 [00:00<00:00, 38.99it/s]100%|##########| 7/7 [00:00<00:00, 37.76it/s]
04-14 08:40:24 Train-Loss Source Classifier: 1.2810
04-14 08:40:24 Train-Loss CORAL: 1.7021
04-14 08:40:24 Train-Acc Source Data: 0.5759
  0%|          | 0/8 [00:00<?, ?it/s]100%|##########| 8/8 [00:00<00:00, 162.71it/s]
04-14 08:40:24 Val-Acc Target Data: 0.3008
04-14 08:40:24 The best model epoch 2, val-acc 0.3008
04-14 08:40:24 -----Epoch 3/100-----
04-14 08:40:24 current lr: [0.001]
  0%|          | 0/7 [00:00<?, ?it/s] 57%|#####7    | 4/7 [00:00<00:00, 38.84it/s]100%|##########| 7/7 [00:00<00:00, 37.53it/s]
04-14 08:40:25 Train-Loss Source Classifier: 1.1727
04-14 08:40:25 Train-Loss CORAL: 1.5661
04-14 08:40:25 Train-Acc Source Data: 0.6674
  0%|          | 0/8 [00:00<?, ?it/s]100%|##########| 8/8 [00:00<00:00, 165.13it/s]
04-14 08:40:25 Val-Acc Target Data: 0.2578
04-14 08:40:25 The best model epoch 2, val-acc 0.3008
04-14 08:40:25 -----Epoch 4/100-----
04-14 08:40:25 current lr: [0.001]
  0%|          | 0/7 [00:00<?, ?it/s] 57%|#####7    | 4/7 [00:00<00:00, 38.00it/s]100%|##########| 7/7 [00:00<00:00, 37.50it/s]
04-14 08:40:25 Train-Loss Source Classifier: 1.0062
04-14 08:40:25 Train-Loss CORAL: 1.2881
04-14 08:40:25 Train-Acc Source Data: 0.7634
  0%|          | 0/8 [00:00<?, ?it/s]100%|##########| 8/8 [00:00<00:00, 164.85it/s]
04-14 08:40:25 Val-Acc Target Data: 0.3359
04-14 08:40:25 The best model epoch 4, val-acc 0.3359
04-14 08:40:25 -----Epoch 5/100-----
04-14 08:40:25 current lr: [0.001]
  0%|          | 0/7 [00:00<?, ?it/s] 57%|#####7    | 4/7 [00:00<00:00, 37.11it/s]100%|##########| 7/7 [00:00<00:00, 36.66it/s]
04-14 08:40:25 Train-Loss Source Classifier: 0.8527
04-14 08:40:25 Train-Loss CORAL: 0.9081
04-14 08:40:25 Train-Acc Source Data: 0.9040
  0%|          | 0/8 [00:00<?, ?it/s]100%|##########| 8/8 [00:00<00:00, 165.20it/s]
04-14 08:40:25 Val-Acc Target Data: 0.2988
04-14 08:40:25 The best model epoch 4, val-acc 0.3359
04-14 08:40:25 -----Epoch 6/100-----
04-14 08:40:25 current lr: [0.001]
  0%|          | 0/7 [00:00<?, ?it/s] 57%|#####7    | 4/7 [00:00<00:00, 38.54it/s]100%|##########| 7/7 [00:00<00:00, 37.99it/s]
04-14 08:40:25 Train-Loss Source Classifier: 0.6589
04-14 08:40:25 Train-Loss CORAL: 0.7024
04-14 08:40:25 Train-Acc Source Data: 0.9464
  0%|          | 0/8 [00:00<?, ?it/s]100%|##########| 8/8 [00:00<00:00, 164.72it/s]
04-14 08:40:25 Val-Acc Target Data: 0.3438
04-14 08:40:25 The best model epoch 6, val-acc 0.3438
04-14 08:40:25 -----Epoch 7/100-----
04-14 08:40:25 current lr: [0.001]
  0%|          | 0/7 [00:00<?, ?it/s] 57%|#####7    | 4/7 [00:00<00:00, 36.94it/s]100%|##########| 7/7 [00:00<00:00, 37.30it/s]
04-14 08:40:26 Train-Loss Source Classifier: 0.5258
04-14 08:40:26 Train-Loss CORAL: 0.5481
04-14 08:40:26 Train-Acc Source Data: 0.9531
  0%|          | 0/8 [00:00<?, ?it/s]100%|##########| 8/8 [00:00<00:00, 163.14it/s]
04-14 08:40:26 Val-Acc Target Data: 0.3672
04-14 08:40:26 The best model epoch 7, val-acc 0.3672
04-14 08:40:26 -----Epoch 8/100-----
04-14 08:40:26 current lr: [0.001]
  0%|          | 0/7 [00:00<?, ?it/s] 71%|#######1  | 5/7 [00:00<00:00, 38.42it/s]100%|##########| 7/7 [00:00<00:00, 37.55it/s]
04-14 08:40:26 Train-Loss Source Classifier: 0.3944
04-14 08:40:26 Train-Loss CORAL: 0.4405
04-14 08:40:26 Train-Acc Source Data: 0.9777
  0%|          | 0/8 [00:00<?, ?it/s]100%|##########| 8/8 [00:00<00:00, 163.02it/s]
04-14 08:40:26 Val-Acc Target Data: 0.3320
04-14 08:40:26 The best model epoch 7, val-acc 0.3672
04-14 08:40:26 -----Epoch 9/100-----
04-14 08:40:26 current lr: [0.001]
  0%|          | 0/7 [00:00<?, ?it/s] 57%|#####7    | 4/7 [00:00<00:00, 36.54it/s]100%|##########| 7/7 [00:00<00:00, 37.16it/s]
04-14 08:40:26 Train-Loss Source Classifier: 0.2802
04-14 08:40:26 Train-Loss CORAL: 0.3781
04-14 08:40:26 Train-Acc Source Data: 0.9777
  0%|          | 0/8 [00:00<?, ?it/s]100%|##########| 8/8 [00:00<00:00, 163.58it/s]
04-14 08:40:26 Val-Acc Target Data: 0.2129
04-14 08:40:26 The best model epoch 7, val-acc 0.3672
04-14 08:40:26 -----Epoch 10/100-----
04-14 08:40:26 current lr: [0.001]
  0%|          | 0/7 [00:00<?, ?it/s] 57%|#####7    | 4/7 [00:00<00:00, 37.36it/s]100%|##########| 7/7 [00:00<00:00, 35.94it/s]
04-14 08:40:26 Train-Loss Source Classifier: 0.1983
04-14 08:40:26 Train-Loss CORAL: 0.3166
04-14 08:40:26 Train-Acc Source Data: 0.9866
  0%|          | 0/8 [00:00<?, ?it/s]100%|##########| 8/8 [00:00<00:00, 163.52it/s]
04-14 08:40:26 Val-Acc Target Data: 0.3047
04-14 08:40:26 The best model epoch 7, val-acc 0.3672
04-14 08:40:26 -----Epoch 11/100-----
04-14 08:40:26 current lr: [0.0002]
  0%|          | 0/7 [00:00<?, ?it/s] 57%|#####7    | 4/7 [00:00<00:00, 38.16it/s]100%|##########| 7/7 [00:00<00:00, 37.78it/s]
04-14 08:40:27 Train-Loss Source Classifier: 0.1569
04-14 08:40:27 Train-Loss CORAL: 0.3020
04-14 08:40:27 Train-Acc Source Data: 0.9844
  0%|          | 0/8 [00:00<?, ?it/s]100%|##########| 8/8 [00:00<00:00, 163.27it/s]
04-14 08:40:27 Val-Acc Target Data: 0.2773
04-14 08:40:27 The best model epoch 7, val-acc 0.3672
04-14 08:40:27 -----Epoch 12/100-----
04-14 08:40:27 current lr: [0.0002]
  0%|          | 0/7 [00:00<?, ?it/s] 57%|#####7    | 4/7 [00:00<00:00, 38.18it/s]100%|##########| 7/7 [00:00<00:00, 37.32it/s]
04-14 08:40:27 Train-Loss Source Classifier: 0.1457
04-14 08:40:27 Train-Loss CORAL: 0.3011
04-14 08:40:27 Train-Acc Source Data: 0.9955
  0%|          | 0/8 [00:00<?, ?it/s]100%|##########| 8/8 [00:00<00:00, 164.20it/s]
04-14 08:40:27 Val-Acc Target Data: 0.2773
04-14 08:40:27 The best model epoch 7, val-acc 0.3672
04-14 08:40:27 -----Epoch 13/100-----
04-14 08:40:27 current lr: [0.0002]
  0%|          | 0/7 [00:00<?, ?it/s] 57%|#####7    | 4/7 [00:00<00:00, 38.24it/s]100%|##########| 7/7 [00:00<00:00, 37.80it/s]
04-14 08:40:27 Train-Loss Source Classifier: 0.1217
04-14 08:40:27 Train-Loss CORAL: 0.2771
04-14 08:40:27 Train-Acc Source Data: 0.9955
  0%|          | 0/8 [00:00<?, ?it/s]100%|##########| 8/8 [00:00<00:00, 164.34it/s]
04-14 08:40:27 Val-Acc Target Data: 0.2266
04-14 08:40:27 The best model epoch 7, val-acc 0.3672
04-14 08:40:27 -----Epoch 14/100-----
04-14 08:40:27 current lr: [0.0002]
  0%|          | 0/7 [00:00<?, ?it/s] 57%|#####7    | 4/7 [00:00<00:00, 38.34it/s]100%|##########| 7/7 [00:00<00:00, 37.88it/s]
04-14 08:40:27 Train-Loss Source Classifier: 0.1259
04-14 08:40:27 Train-Loss CORAL: 0.2763
04-14 08:40:27 Train-Acc Source Data: 0.9911
  0%|          | 0/8 [00:00<?, ?it/s]100%|##########| 8/8 [00:00<00:00, 164.08it/s]
04-14 08:40:27 Val-Acc Target Data: 0.2266
04-14 08:40:27 The best model epoch 7, val-acc 0.3672
04-14 08:40:27 -----Epoch 15/100-----
04-14 08:40:27 current lr: [0.0002]
  0%|          | 0/7 [00:00<?, ?it/s] 57%|#####7    | 4/7 [00:00<00:00, 39.19it/s]100%|##########| 7/7 [00:00<00:00, 37.84it/s]
04-14 08:40:28 Train-Loss Source Classifier: 0.1187
04-14 08:40:28 Train-Loss CORAL: 0.2709
04-14 08:40:28 Train-Acc Source Data: 0.9933
  0%|          | 0/8 [00:00<?, ?it/s]100%|##########| 8/8 [00:00<00:00, 161.99it/s]
04-14 08:40:28 Val-Acc Target Data: 0.2344
04-14 08:40:28 The best model epoch 7, val-acc 0.3672
04-14 08:40:28 -----Epoch 16/100-----
04-14 08:40:28 current lr: [0.0002]
  0%|          | 0/7 [00:00<?, ?it/s] 57%|#####7    | 4/7 [00:00<00:00, 38.57it/s]100%|##########| 7/7 [00:00<00:00, 37.99it/s]
04-14 08:40:28 Train-Loss Source Classifier: 0.1107
04-14 08:40:28 Train-Loss CORAL: 0.2642
04-14 08:40:28 Train-Acc Source Data: 0.9955
  0%|          | 0/8 [00:00<?, ?it/s]100%|##########| 8/8 [00:00<00:00, 160.65it/s]
04-14 08:40:28 Val-Acc Target Data: 0.2207
04-14 08:40:28 The best model epoch 7, val-acc 0.3672
04-14 08:40:28 -----Epoch 17/100-----
04-14 08:40:28 current lr: [0.0002]
  0%|          | 0/7 [00:00<?, ?it/s] 57%|#####7    | 4/7 [00:00<00:00, 38.46it/s]100%|##########| 7/7 [00:00<00:00, 38.01it/s]
04-14 08:40:28 Train-Loss Source Classifier: 0.1016
04-14 08:40:28 Train-Loss CORAL: 0.2565
04-14 08:40:28 Train-Acc Source Data: 0.9955
  0%|          | 0/8 [00:00<?, ?it/s]100%|##########| 8/8 [00:00<00:00, 160.95it/s]
04-14 08:40:28 Val-Acc Target Data: 0.1945
04-14 08:40:28 The best model epoch 7, val-acc 0.3672
04-14 08:40:28 -----Epoch 18/100-----
04-14 08:40:28 current lr: [0.0002]
  0%|          | 0/7 [00:00<?, ?it/s] 57%|#####7    | 4/7 [00:00<00:00, 39.81it/s]100%|##########| 7/7 [00:00<00:00, 37.65it/s]
04-14 08:40:28 Train-Loss Source Classifier: 0.0992
04-14 08:40:28 Train-Loss CORAL: 0.2426
04-14 08:40:28 Train-Acc Source Data: 0.9933
  0%|          | 0/8 [00:00<?, ?it/s]100%|##########| 8/8 [00:00<00:00, 155.15it/s]
04-14 08:40:28 Val-Acc Target Data: 0.1953
04-14 08:40:28 The best model epoch 7, val-acc 0.3672
04-14 08:40:28 -----Epoch 19/100-----
04-14 08:40:28 current lr: [0.0002]
  0%|          | 0/7 [00:00<?, ?it/s] 57%|#####7    | 4/7 [00:00<00:00, 37.91it/s]100%|##########| 7/7 [00:00<00:00, 36.87it/s]
04-14 08:40:29 Train-Loss Source Classifier: 0.0950
04-14 08:40:29 Train-Loss CORAL: 0.2371
04-14 08:40:29 Train-Acc Source Data: 1.0000
  0%|          | 0/8 [00:00<?, ?it/s]100%|##########| 8/8 [00:00<00:00, 152.77it/s]
04-14 08:40:29 Val-Acc Target Data: 0.1926
04-14 08:40:29 The best model epoch 7, val-acc 0.3672
04-14 08:40:29 -----Epoch 20/100-----
04-14 08:40:29 current lr: [0.0002]
  0%|          | 0/7 [00:00<?, ?it/s] 57%|#####7    | 4/7 [00:00<00:00, 37.61it/s]100%|##########| 7/7 [00:00<00:00, 36.88it/s]
04-14 08:40:29 Train-Loss Source Classifier: 0.0894
04-14 08:40:29 Train-Loss CORAL: 0.2228
04-14 08:40:29 Train-Acc Source Data: 0.9978
  0%|          | 0/8 [00:00<?, ?it/s]100%|##########| 8/8 [00:00<00:00, 161.45it/s]
04-14 08:40:29 Val-Acc Target Data: 0.1953
04-14 08:40:29 The best model epoch 7, val-acc 0.3672
04-14 08:40:29 -----Epoch 21/100-----
04-14 08:40:29 current lr: [4e-05]
  0%|          | 0/7 [00:00<?, ?it/s] 57%|#####7    | 4/7 [00:00<00:00, 38.52it/s]100%|##########| 7/7 [00:00<00:00, 37.26it/s]
04-14 08:40:29 Train-Loss Source Classifier: 0.0878
04-14 08:40:29 Train-Loss CORAL: 0.2228
04-14 08:40:29 Train-Acc Source Data: 0.9978
  0%|          | 0/8 [00:00<?, ?it/s]100%|##########| 8/8 [00:00<00:00, 162.70it/s]
04-14 08:40:29 Val-Acc Target Data: 0.1934
04-14 08:40:29 The best model epoch 7, val-acc 0.3672
04-14 08:40:29 -----Epoch 22/100-----
04-14 08:40:29 current lr: [4e-05]
  0%|          | 0/7 [00:00<?, ?it/s] 57%|#####7    | 4/7 [00:00<00:00, 36.51it/s]100%|##########| 7/7 [00:00<00:00, 36.40it/s]
04-14 08:40:29 Train-Loss Source Classifier: 0.0906
04-14 08:40:29 Train-Loss CORAL: 0.2219
04-14 08:40:29 Train-Acc Source Data: 1.0000
  0%|          | 0/8 [00:00<?, ?it/s]100%|##########| 8/8 [00:00<00:00, 162.79it/s]
04-14 08:40:29 Val-Acc Target Data: 0.1914
04-14 08:40:29 The best model epoch 7, val-acc 0.3672
04-14 08:40:29 -----Epoch 23/100-----
04-14 08:40:29 current lr: [4e-05]
  0%|          | 0/7 [00:00<?, ?it/s] 57%|#####7    | 4/7 [00:00<00:00, 39.51it/s]100%|##########| 7/7 [00:00<00:00, 38.31it/s]
04-14 08:40:30 Train-Loss Source Classifier: 0.0825
04-14 08:40:30 Train-Loss CORAL: 0.2162
04-14 08:40:30 Train-Acc Source Data: 0.9978
  0%|          | 0/8 [00:00<?, ?it/s]100%|##########| 8/8 [00:00<00:00, 164.66it/s]
04-14 08:40:30 Val-Acc Target Data: 0.1855
04-14 08:40:30 The best model epoch 7, val-acc 0.3672
04-14 08:40:30 -----Epoch 24/100-----
04-14 08:40:30 current lr: [4e-05]
  0%|          | 0/7 [00:00<?, ?it/s] 57%|#####7    | 4/7 [00:00<00:00, 38.64it/s]100%|##########| 7/7 [00:00<00:00, 37.21it/s]
04-14 08:40:30 Train-Loss Source Classifier: 0.0874
04-14 08:40:30 Train-Loss CORAL: 0.2165
04-14 08:40:30 Train-Acc Source Data: 0.9955
  0%|          | 0/8 [00:00<?, ?it/s]100%|##########| 8/8 [00:00<00:00, 157.65it/s]
04-14 08:40:30 Val-Acc Target Data: 0.1875
04-14 08:40:30 The best model epoch 7, val-acc 0.3672
04-14 08:40:30 -----Epoch 25/100-----
04-14 08:40:30 current lr: [4e-05]
  0%|          | 0/7 [00:00<?, ?it/s] 57%|#####7    | 4/7 [00:00<00:00, 37.66it/s]100%|##########| 7/7 [00:00<00:00, 36.72it/s]
04-14 08:40:30 Train-Loss Source Classifier: 0.0832
04-14 08:40:30 Train-Loss CORAL: 0.2194
04-14 08:40:30 Train-Acc Source Data: 1.0000
  0%|          | 0/8 [00:00<?, ?it/s]100%|##########| 8/8 [00:00<00:00, 162.70it/s]
04-14 08:40:30 Val-Acc Target Data: 0.1914
04-14 08:40:30 The best model epoch 7, val-acc 0.3672
04-14 08:40:30 -----Epoch 26/100-----
04-14 08:40:30 current lr: [4e-05]
  0%|          | 0/7 [00:00<?, ?it/s] 57%|#####7    | 4/7 [00:00<00:00, 38.19it/s]100%|##########| 7/7 [00:00<00:00, 37.42it/s]
04-14 08:40:30 Train-Loss Source Classifier: 0.0805
04-14 08:40:30 Train-Loss CORAL: 0.2159
04-14 08:40:30 Train-Acc Source Data: 0.9978
  0%|          | 0/8 [00:00<?, ?it/s]100%|##########| 8/8 [00:00<00:00, 161.17it/s]
04-14 08:40:30 Val-Acc Target Data: 0.1934
04-14 08:40:30 The best model epoch 7, val-acc 0.3672
04-14 08:40:30 -----Epoch 27/100-----
04-14 08:40:30 current lr: [4e-05]
  0%|          | 0/7 [00:00<?, ?it/s] 57%|#####7    | 4/7 [00:00<00:00, 39.91it/s]100%|##########| 7/7 [00:00<00:00, 38.62it/s]
04-14 08:40:30 Train-Loss Source Classifier: 0.0917
04-14 08:40:30 Train-Loss CORAL: 0.2173
04-14 08:40:30 Train-Acc Source Data: 0.9955
  0%|          | 0/8 [00:00<?, ?it/s]100%|##########| 8/8 [00:00<00:00, 163.85it/s]
04-14 08:40:31 Val-Acc Target Data: 0.1855
04-14 08:40:31 The best model epoch 7, val-acc 0.3672
04-14 08:40:31 -----Epoch 28/100-----
04-14 08:40:31 current lr: [4e-05]
  0%|          | 0/7 [00:00<?, ?it/s] 71%|#######1  | 5/7 [00:00<00:00, 39.94it/s]100%|##########| 7/7 [00:00<00:00, 38.94it/s]
04-14 08:40:31 Train-Loss Source Classifier: 0.0825
04-14 08:40:31 Train-Loss CORAL: 0.2089
04-14 08:40:31 Train-Acc Source Data: 0.9955
  0%|          | 0/8 [00:00<?, ?it/s]100%|##########| 8/8 [00:00<00:00, 165.46it/s]
04-14 08:40:31 Val-Acc Target Data: 0.1895
04-14 08:40:31 The best model epoch 7, val-acc 0.3672
04-14 08:40:31 -----Epoch 29/100-----
04-14 08:40:31 current lr: [4e-05]
  0%|          | 0/7 [00:00<?, ?it/s] 71%|#######1  | 5/7 [00:00<00:00, 38.94it/s]100%|##########| 7/7 [00:00<00:00, 38.40it/s]
04-14 08:40:31 Train-Loss Source Classifier: 0.0819
04-14 08:40:31 Train-Loss CORAL: 0.2102
04-14 08:40:31 Train-Acc Source Data: 1.0000
  0%|          | 0/8 [00:00<?, ?it/s]100%|##########| 8/8 [00:00<00:00, 161.34it/s]
04-14 08:40:31 Val-Acc Target Data: 0.1875
04-14 08:40:31 The best model epoch 7, val-acc 0.3672
04-14 08:40:31 -----Epoch 30/100-----
04-14 08:40:31 current lr: [4e-05]
  0%|          | 0/7 [00:00<?, ?it/s] 57%|#####7    | 4/7 [00:00<00:00, 38.90it/s]100%|##########| 7/7 [00:00<00:00, 37.97it/s]
04-14 08:40:31 Train-Loss Source Classifier: 0.0777
04-14 08:40:31 Train-Loss CORAL: 0.2093
04-14 08:40:31 Train-Acc Source Data: 0.9955
  0%|          | 0/8 [00:00<?, ?it/s]100%|##########| 8/8 [00:00<00:00, 162.82it/s]
04-14 08:40:31 Val-Acc Target Data: 0.1836
04-14 08:40:31 The best model epoch 7, val-acc 0.3672
04-14 08:40:31 -----Epoch 31/100-----
04-14 08:40:31 current lr: [8.000000000000001e-06]
  0%|          | 0/7 [00:00<?, ?it/s] 57%|#####7    | 4/7 [00:00<00:00, 38.28it/s]100%|##########| 7/7 [00:00<00:00, 37.63it/s]
04-14 08:40:31 Train-Loss Source Classifier: 0.0787
04-14 08:40:31 Train-Loss CORAL: 0.2088
04-14 08:40:31 Train-Acc Source Data: 0.9955
  0%|          | 0/8 [00:00<?, ?it/s]100%|##########| 8/8 [00:00<00:00, 164.47it/s]
04-14 08:40:32 Val-Acc Target Data: 0.1875
04-14 08:40:32 The best model epoch 7, val-acc 0.3672
04-14 08:40:32 -----Epoch 32/100-----
04-14 08:40:32 current lr: [8.000000000000001e-06]
  0%|          | 0/7 [00:00<?, ?it/s] 57%|#####7    | 4/7 [00:00<00:00, 37.14it/s]100%|##########| 7/7 [00:00<00:00, 37.09it/s]
04-14 08:40:32 Train-Loss Source Classifier: 0.0915
04-14 08:40:32 Train-Loss CORAL: 0.2007
04-14 08:40:32 Train-Acc Source Data: 0.9955
  0%|          | 0/8 [00:00<?, ?it/s]100%|##########| 8/8 [00:00<00:00, 159.29it/s]
04-14 08:40:32 Val-Acc Target Data: 0.1836
04-14 08:40:32 The best model epoch 7, val-acc 0.3672
04-14 08:40:32 -----Epoch 33/100-----
04-14 08:40:32 current lr: [8.000000000000001e-06]
  0%|          | 0/7 [00:00<?, ?it/s] 57%|#####7    | 4/7 [00:00<00:00, 38.84it/s]100%|##########| 7/7 [00:00<00:00, 37.50it/s]
04-14 08:40:32 Train-Loss Source Classifier: 0.0776
04-14 08:40:32 Train-Loss CORAL: 0.2110
04-14 08:40:32 Train-Acc Source Data: 0.9978
  0%|          | 0/8 [00:00<?, ?it/s]100%|##########| 8/8 [00:00<00:00, 162.91it/s]
04-14 08:40:32 Val-Acc Target Data: 0.1875
04-14 08:40:32 The best model epoch 7, val-acc 0.3672
04-14 08:40:32 -----Epoch 34/100-----
04-14 08:40:32 current lr: [8.000000000000001e-06]
  0%|          | 0/7 [00:00<?, ?it/s] 57%|#####7    | 4/7 [00:00<00:00, 37.95it/s]100%|##########| 7/7 [00:00<00:00, 37.12it/s]
04-14 08:40:32 Train-Loss Source Classifier: 0.0796
04-14 08:40:32 Train-Loss CORAL: 0.2036
04-14 08:40:32 Train-Acc Source Data: 0.9955
  0%|          | 0/8 [00:00<?, ?it/s]100%|##########| 8/8 [00:00<00:00, 162.14it/s]
04-14 08:40:32 Val-Acc Target Data: 0.1836
04-14 08:40:32 The best model epoch 7, val-acc 0.3672
04-14 08:40:32 -----Epoch 35/100-----
04-14 08:40:32 current lr: [8.000000000000001e-06]
  0%|          | 0/7 [00:00<?, ?it/s] 57%|#####7    | 4/7 [00:00<00:00, 38.59it/s]100%|##########| 7/7 [00:00<00:00, 37.84it/s]
04-14 08:40:32 Train-Loss Source Classifier: 0.0834
04-14 08:40:32 Train-Loss CORAL: 0.2151
04-14 08:40:32 Train-Acc Source Data: 0.9978
  0%|          | 0/8 [00:00<?, ?it/s]100%|##########| 8/8 [00:00<00:00, 163.17it/s]
04-14 08:40:33 Val-Acc Target Data: 0.1875
04-14 08:40:33 The best model epoch 7, val-acc 0.3672
04-14 08:40:33 -----Epoch 36/100-----
04-14 08:40:33 current lr: [8.000000000000001e-06]
  0%|          | 0/7 [00:00<?, ?it/s] 57%|#####7    | 4/7 [00:00<00:00, 38.06it/s]100%|##########| 7/7 [00:00<00:00, 37.82it/s]
04-14 08:40:33 Train-Loss Source Classifier: 0.0793
04-14 08:40:33 Train-Loss CORAL: 0.2015
04-14 08:40:33 Train-Acc Source Data: 1.0000
  0%|          | 0/8 [00:00<?, ?it/s]100%|##########| 8/8 [00:00<00:00, 152.40it/s]
04-14 08:40:33 Val-Acc Target Data: 0.1777
04-14 08:40:33 The best model epoch 7, val-acc 0.3672
04-14 08:40:33 -----Epoch 37/100-----
04-14 08:40:33 current lr: [8.000000000000001e-06]
  0%|          | 0/7 [00:00<?, ?it/s] 57%|#####7    | 4/7 [00:00<00:00, 38.12it/s]100%|##########| 7/7 [00:00<00:00, 37.69it/s]
04-14 08:40:33 Train-Loss Source Classifier: 0.0809
04-14 08:40:33 Train-Loss CORAL: 0.2161
04-14 08:40:33 Train-Acc Source Data: 1.0000
  0%|          | 0/8 [00:00<?, ?it/s]100%|##########| 8/8 [00:00<00:00, 154.13it/s]
04-14 08:40:33 Val-Acc Target Data: 0.1816
04-14 08:40:33 The best model epoch 7, val-acc 0.3672
04-14 08:40:33 -----Epoch 38/100-----
04-14 08:40:33 current lr: [8.000000000000001e-06]
  0%|          | 0/7 [00:00<?, ?it/s] 57%|#####7    | 4/7 [00:00<00:00, 37.51it/s]100%|##########| 7/7 [00:00<00:00, 36.72it/s]
04-14 08:40:33 Train-Loss Source Classifier: 0.0802
04-14 08:40:33 Train-Loss CORAL: 0.2039
04-14 08:40:33 Train-Acc Source Data: 0.9955
  0%|          | 0/8 [00:00<?, ?it/s]100%|##########| 8/8 [00:00<00:00, 163.23it/s]
04-14 08:40:33 Val-Acc Target Data: 0.1836
04-14 08:40:33 The best model epoch 7, val-acc 0.3672
04-14 08:40:33 -----Epoch 39/100-----
04-14 08:40:33 current lr: [8.000000000000001e-06]
  0%|          | 0/7 [00:00<?, ?it/s] 57%|#####7    | 4/7 [00:00<00:00, 38.77it/s]100%|##########| 7/7 [00:00<00:00, 37.40it/s]
04-14 08:40:33 Train-Loss Source Classifier: 0.0795
04-14 08:40:33 Train-Loss CORAL: 0.2027
04-14 08:40:33 Train-Acc Source Data: 0.9978
  0%|          | 0/8 [00:00<?, ?it/s]100%|##########| 8/8 [00:00<00:00, 163.25it/s]
04-14 08:40:33 Val-Acc Target Data: 0.1875
04-14 08:40:33 The best model epoch 7, val-acc 0.3672
04-14 08:40:33 -----Epoch 40/100-----
04-14 08:40:33 current lr: [8.000000000000001e-06]
  0%|          | 0/7 [00:00<?, ?it/s] 57%|#####7    | 4/7 [00:00<00:00, 37.86it/s]100%|##########| 7/7 [00:00<00:00, 37.73it/s]
04-14 08:40:34 Train-Loss Source Classifier: 0.0818
04-14 08:40:34 Train-Loss CORAL: 0.2038
04-14 08:40:34 Train-Acc Source Data: 0.9978
  0%|          | 0/8 [00:00<?, ?it/s]100%|##########| 8/8 [00:00<00:00, 162.62it/s]
04-14 08:40:34 Val-Acc Target Data: 0.1816
04-14 08:40:34 The best model epoch 7, val-acc 0.3672
04-14 08:40:34 -----Epoch 41/100-----
04-14 08:40:34 current lr: [1.6000000000000004e-06]
  0%|          | 0/7 [00:00<?, ?it/s] 57%|#####7    | 4/7 [00:00<00:00, 38.75it/s]100%|##########| 7/7 [00:00<00:00, 37.90it/s]
04-14 08:40:34 Train-Loss Source Classifier: 0.0798
04-14 08:40:34 Train-Loss CORAL: 0.2065
04-14 08:40:34 Train-Acc Source Data: 1.0000
  0%|          | 0/8 [00:00<?, ?it/s]100%|##########| 8/8 [00:00<00:00, 162.60it/s]
04-14 08:40:34 Val-Acc Target Data: 0.1777
04-14 08:40:34 The best model epoch 7, val-acc 0.3672
04-14 08:40:34 -----Epoch 42/100-----
04-14 08:40:34 current lr: [1.6000000000000004e-06]
  0%|          | 0/7 [00:00<?, ?it/s] 57%|#####7    | 4/7 [00:00<00:00, 38.68it/s]100%|##########| 7/7 [00:00<00:00, 38.22it/s]
04-14 08:40:34 Train-Loss Source Classifier: 0.0751
04-14 08:40:34 Train-Loss CORAL: 0.2042
04-14 08:40:34 Train-Acc Source Data: 1.0000
  0%|          | 0/8 [00:00<?, ?it/s]100%|##########| 8/8 [00:00<00:00, 161.01it/s]
04-14 08:40:34 Val-Acc Target Data: 0.1836
04-14 08:40:34 The best model epoch 7, val-acc 0.3672
04-14 08:40:34 -----Epoch 43/100-----
04-14 08:40:34 current lr: [1.6000000000000004e-06]
  0%|          | 0/7 [00:00<?, ?it/s] 57%|#####7    | 4/7 [00:00<00:00, 38.07it/s]100%|##########| 7/7 [00:00<00:00, 37.16it/s]
04-14 08:40:34 Train-Loss Source Classifier: 0.0830
04-14 08:40:34 Train-Loss CORAL: 0.2064
04-14 08:40:34 Train-Acc Source Data: 0.9978
  0%|          | 0/8 [00:00<?, ?it/s]100%|##########| 8/8 [00:00<00:00, 161.77it/s]
04-14 08:40:34 Val-Acc Target Data: 0.1777
04-14 08:40:34 The best model epoch 7, val-acc 0.3672
04-14 08:40:34 -----Epoch 44/100-----
04-14 08:40:34 current lr: [1.6000000000000004e-06]
  0%|          | 0/7 [00:00<?, ?it/s] 57%|#####7    | 4/7 [00:00<00:00, 38.30it/s]100%|##########| 7/7 [00:00<00:00, 37.14it/s]
04-14 08:40:35 Train-Loss Source Classifier: 0.0826
04-14 08:40:35 Train-Loss CORAL: 0.2054
04-14 08:40:35 Train-Acc Source Data: 0.9955
  0%|          | 0/8 [00:00<?, ?it/s]100%|##########| 8/8 [00:00<00:00, 162.38it/s]
04-14 08:40:35 Val-Acc Target Data: 0.1836
04-14 08:40:35 The best model epoch 7, val-acc 0.3672
04-14 08:40:35 -----Epoch 45/100-----
04-14 08:40:35 current lr: [1.6000000000000004e-06]
  0%|          | 0/7 [00:00<?, ?it/s] 57%|#####7    | 4/7 [00:00<00:00, 38.07it/s]100%|##########| 7/7 [00:00<00:00, 37.12it/s]
04-14 08:40:35 Train-Loss Source Classifier: 0.0794
04-14 08:40:35 Train-Loss CORAL: 0.1990
04-14 08:40:35 Train-Acc Source Data: 1.0000
  0%|          | 0/8 [00:00<?, ?it/s]100%|##########| 8/8 [00:00<00:00, 162.46it/s]
04-14 08:40:35 Val-Acc Target Data: 0.1855
04-14 08:40:35 The best model epoch 7, val-acc 0.3672
04-14 08:40:35 -----Epoch 46/100-----
04-14 08:40:35 current lr: [1.6000000000000004e-06]
  0%|          | 0/7 [00:00<?, ?it/s] 57%|#####7    | 4/7 [00:00<00:00, 38.47it/s]100%|##########| 7/7 [00:00<00:00, 37.85it/s]
04-14 08:40:35 Train-Loss Source Classifier: 0.0769
04-14 08:40:35 Train-Loss CORAL: 0.2052
04-14 08:40:35 Train-Acc Source Data: 0.9978
  0%|          | 0/8 [00:00<?, ?it/s]100%|##########| 8/8 [00:00<00:00, 164.10it/s]
04-14 08:40:35 Val-Acc Target Data: 0.1836
04-14 08:40:35 The best model epoch 7, val-acc 0.3672
04-14 08:40:35 -----Epoch 47/100-----
04-14 08:40:35 current lr: [1.6000000000000004e-06]
  0%|          | 0/7 [00:00<?, ?it/s] 57%|#####7    | 4/7 [00:00<00:00, 37.78it/s]100%|##########| 7/7 [00:00<00:00, 36.86it/s]
04-14 08:40:35 Train-Loss Source Classifier: 0.0798
04-14 08:40:35 Train-Loss CORAL: 0.2031
04-14 08:40:35 Train-Acc Source Data: 0.9978
  0%|          | 0/8 [00:00<?, ?it/s]100%|##########| 8/8 [00:00<00:00, 162.01it/s]
04-14 08:40:35 Val-Acc Target Data: 0.1797
04-14 08:40:35 The best model epoch 7, val-acc 0.3672
04-14 08:40:35 -----Epoch 48/100-----
04-14 08:40:35 current lr: [1.6000000000000004e-06]
  0%|          | 0/7 [00:00<?, ?it/s] 57%|#####7    | 4/7 [00:00<00:00, 36.77it/s]100%|##########| 7/7 [00:00<00:00, 37.04it/s]
04-14 08:40:36 Train-Loss Source Classifier: 0.0818
04-14 08:40:36 Train-Loss CORAL: 0.2096
04-14 08:40:36 Train-Acc Source Data: 0.9955
  0%|          | 0/8 [00:00<?, ?it/s]100%|##########| 8/8 [00:00<00:00, 160.50it/s]
04-14 08:40:36 Val-Acc Target Data: 0.1816
04-14 08:40:36 The best model epoch 7, val-acc 0.3672
04-14 08:40:36 -----Epoch 49/100-----
04-14 08:40:36 current lr: [1.6000000000000004e-06]
  0%|          | 0/7 [00:00<?, ?it/s] 57%|#####7    | 4/7 [00:00<00:00, 37.93it/s]100%|##########| 7/7 [00:00<00:00, 37.57it/s]
04-14 08:40:36 Train-Loss Source Classifier: 0.0771
04-14 08:40:36 Train-Loss CORAL: 0.1993
04-14 08:40:36 Train-Acc Source Data: 1.0000
  0%|          | 0/8 [00:00<?, ?it/s]100%|##########| 8/8 [00:00<00:00, 158.23it/s]
04-14 08:40:36 Val-Acc Target Data: 0.1836
04-14 08:40:36 The best model epoch 7, val-acc 0.3672
04-14 08:40:36 -----Epoch 50/100-----
04-14 08:40:36 current lr: [1.6000000000000004e-06]
  0%|          | 0/7 [00:00<?, ?it/s] 57%|#####7    | 4/7 [00:00<00:00, 38.81it/s]100%|##########| 7/7 [00:00<00:00, 38.32it/s]
04-14 08:40:36 Train-Loss Source Classifier: 0.0824
04-14 08:40:36 Train-Loss CORAL: 0.2078
04-14 08:40:36 Train-Acc Source Data: 0.9978
  0%|          | 0/8 [00:00<?, ?it/s]100%|##########| 8/8 [00:00<00:00, 163.99it/s]
04-14 08:40:36 Val-Acc Target Data: 0.1836
04-14 08:40:36 The best model epoch 7, val-acc 0.3672
04-14 08:40:36 -----Epoch 51/100-----
04-14 08:40:36 current lr: [3.200000000000001e-07]
  0%|          | 0/7 [00:00<?, ?it/s] 57%|#####7    | 4/7 [00:00<00:00, 38.45it/s]100%|##########| 7/7 [00:00<00:00, 38.05it/s]
04-14 08:40:36 Train-Loss Source Classifier: 0.0843
04-14 08:40:36 Train-Loss CORAL: 0.1937
04-14 08:40:36 Train-Acc Source Data: 0.9978
  0%|          | 0/8 [00:00<?, ?it/s]100%|##########| 8/8 [00:00<00:00, 162.95it/s]
04-14 08:40:36 Val-Acc Target Data: 0.1797
04-14 08:40:36 The best model epoch 7, val-acc 0.3672
04-14 08:40:36 -----Epoch 52/100-----
04-14 08:40:36 current lr: [3.200000000000001e-07]
  0%|          | 0/7 [00:00<?, ?it/s] 57%|#####7    | 4/7 [00:00<00:00, 38.27it/s]100%|##########| 7/7 [00:00<00:00, 37.91it/s]
04-14 08:40:37 Train-Loss Source Classifier: 0.0782
04-14 08:40:37 Train-Loss CORAL: 0.2106
04-14 08:40:37 Train-Acc Source Data: 0.9978
  0%|          | 0/8 [00:00<?, ?it/s]100%|##########| 8/8 [00:00<00:00, 163.45it/s]
04-14 08:40:37 Val-Acc Target Data: 0.1914
04-14 08:40:37 The best model epoch 7, val-acc 0.3672
04-14 08:40:37 -----Epoch 53/100-----
04-14 08:40:37 current lr: [3.200000000000001e-07]
  0%|          | 0/7 [00:00<?, ?it/s] 57%|#####7    | 4/7 [00:00<00:00, 39.41it/s]100%|##########| 7/7 [00:00<00:00, 38.02it/s]
04-14 08:40:37 Train-Loss Source Classifier: 0.0819
04-14 08:40:37 Train-Loss CORAL: 0.2029
04-14 08:40:37 Train-Acc Source Data: 1.0000
  0%|          | 0/8 [00:00<?, ?it/s]100%|##########| 8/8 [00:00<00:00, 162.75it/s]
04-14 08:40:37 Val-Acc Target Data: 0.1816
04-14 08:40:37 The best model epoch 7, val-acc 0.3672
04-14 08:40:37 -----Epoch 54/100-----
04-14 08:40:37 current lr: [3.200000000000001e-07]
  0%|          | 0/7 [00:00<?, ?it/s] 57%|#####7    | 4/7 [00:00<00:00, 38.74it/s]100%|##########| 7/7 [00:00<00:00, 37.17it/s]
04-14 08:40:37 Train-Loss Source Classifier: 0.0791
04-14 08:40:37 Train-Loss CORAL: 0.2075
04-14 08:40:37 Train-Acc Source Data: 0.9955
  0%|          | 0/8 [00:00<?, ?it/s]100%|##########| 8/8 [00:00<00:00, 164.28it/s]
04-14 08:40:37 Val-Acc Target Data: 0.1777
04-14 08:40:37 The best model epoch 7, val-acc 0.3672
04-14 08:40:37 -----Epoch 55/100-----
04-14 08:40:37 current lr: [3.200000000000001e-07]
  0%|          | 0/7 [00:00<?, ?it/s] 57%|#####7    | 4/7 [00:00<00:00, 38.01it/s]100%|##########| 7/7 [00:00<00:00, 37.27it/s]
04-14 08:40:37 Train-Loss Source Classifier: 0.0829
04-14 08:40:37 Train-Loss CORAL: 0.2042
04-14 08:40:37 Train-Acc Source Data: 0.9978
  0%|          | 0/8 [00:00<?, ?it/s]100%|##########| 8/8 [00:00<00:00, 163.79it/s]
04-14 08:40:37 Val-Acc Target Data: 0.1816
04-14 08:40:37 The best model epoch 7, val-acc 0.3672
04-14 08:40:37 -----Epoch 56/100-----
04-14 08:40:37 current lr: [3.200000000000001e-07]
  0%|          | 0/7 [00:00<?, ?it/s] 57%|#####7    | 4/7 [00:00<00:00, 38.29it/s]100%|##########| 7/7 [00:00<00:00, 37.68it/s]
04-14 08:40:38 Train-Loss Source Classifier: 0.0772
04-14 08:40:38 Train-Loss CORAL: 0.2011
04-14 08:40:38 Train-Acc Source Data: 0.9955
  0%|          | 0/8 [00:00<?, ?it/s]100%|##########| 8/8 [00:00<00:00, 163.43it/s]
04-14 08:40:38 Val-Acc Target Data: 0.1836
04-14 08:40:38 The best model epoch 7, val-acc 0.3672
04-14 08:40:38 -----Epoch 57/100-----
04-14 08:40:38 current lr: [3.200000000000001e-07]
  0%|          | 0/7 [00:00<?, ?it/s] 57%|#####7    | 4/7 [00:00<00:00, 38.76it/s]100%|##########| 7/7 [00:00<00:00, 38.14it/s]
04-14 08:40:38 Train-Loss Source Classifier: 0.0805
04-14 08:40:38 Train-Loss CORAL: 0.2026
04-14 08:40:38 Train-Acc Source Data: 0.9978
  0%|          | 0/8 [00:00<?, ?it/s]100%|##########| 8/8 [00:00<00:00, 163.21it/s]
04-14 08:40:38 Val-Acc Target Data: 0.1816
04-14 08:40:38 The best model epoch 7, val-acc 0.3672
04-14 08:40:38 -----Epoch 58/100-----
04-14 08:40:38 current lr: [3.200000000000001e-07]
  0%|          | 0/7 [00:00<?, ?it/s] 57%|#####7    | 4/7 [00:00<00:00, 38.21it/s]100%|##########| 7/7 [00:00<00:00, 37.09it/s]
04-14 08:40:38 Train-Loss Source Classifier: 0.0811
04-14 08:40:38 Train-Loss CORAL: 0.2037
04-14 08:40:38 Train-Acc Source Data: 0.9978
  0%|          | 0/8 [00:00<?, ?it/s]100%|##########| 8/8 [00:00<00:00, 159.04it/s]
04-14 08:40:38 Val-Acc Target Data: 0.1855
04-14 08:40:38 The best model epoch 7, val-acc 0.3672
04-14 08:40:38 -----Epoch 59/100-----
04-14 08:40:38 current lr: [3.200000000000001e-07]
  0%|          | 0/7 [00:00<?, ?it/s] 57%|#####7    | 4/7 [00:00<00:00, 37.43it/s]100%|##########| 7/7 [00:00<00:00, 37.44it/s]
04-14 08:40:38 Train-Loss Source Classifier: 0.0778
04-14 08:40:38 Train-Loss CORAL: 0.2087
04-14 08:40:38 Train-Acc Source Data: 1.0000
  0%|          | 0/8 [00:00<?, ?it/s]100%|##########| 8/8 [00:00<00:00, 158.43it/s]
04-14 08:40:38 Val-Acc Target Data: 0.1855
04-14 08:40:38 The best model epoch 7, val-acc 0.3672
04-14 08:40:38 -----Epoch 60/100-----
04-14 08:40:38 current lr: [3.200000000000001e-07]
  0%|          | 0/7 [00:00<?, ?it/s] 57%|#####7    | 4/7 [00:00<00:00, 37.27it/s]100%|##########| 7/7 [00:00<00:00, 36.42it/s]
04-14 08:40:39 Train-Loss Source Classifier: 0.0755
04-14 08:40:39 Train-Loss CORAL: 0.2120
04-14 08:40:39 Train-Acc Source Data: 1.0000
  0%|          | 0/8 [00:00<?, ?it/s]100%|##########| 8/8 [00:00<00:00, 156.49it/s]
04-14 08:40:39 Val-Acc Target Data: 0.1797
04-14 08:40:39 The best model epoch 7, val-acc 0.3672
04-14 08:40:39 -----Epoch 61/100-----
04-14 08:40:39 current lr: [6.400000000000003e-08]
  0%|          | 0/7 [00:00<?, ?it/s] 57%|#####7    | 4/7 [00:00<00:00, 37.72it/s]100%|##########| 7/7 [00:00<00:00, 37.54it/s]
04-14 08:40:39 Train-Loss Source Classifier: 0.0801
04-14 08:40:39 Train-Loss CORAL: 0.2063
04-14 08:40:39 Train-Acc Source Data: 0.9955
  0%|          | 0/8 [00:00<?, ?it/s]100%|##########| 8/8 [00:00<00:00, 159.47it/s]
04-14 08:40:39 Val-Acc Target Data: 0.1797
04-14 08:40:39 The best model epoch 7, val-acc 0.3672
04-14 08:40:39 -----Epoch 62/100-----
04-14 08:40:39 current lr: [6.400000000000003e-08]
  0%|          | 0/7 [00:00<?, ?it/s] 57%|#####7    | 4/7 [00:00<00:00, 38.74it/s]100%|##########| 7/7 [00:00<00:00, 37.36it/s]
04-14 08:40:39 Train-Loss Source Classifier: 0.0791
04-14 08:40:39 Train-Loss CORAL: 0.1973
04-14 08:40:39 Train-Acc Source Data: 0.9978
  0%|          | 0/8 [00:00<?, ?it/s]100%|##########| 8/8 [00:00<00:00, 161.57it/s]
04-14 08:40:39 Val-Acc Target Data: 0.1816
04-14 08:40:39 The best model epoch 7, val-acc 0.3672
04-14 08:40:39 -----Epoch 63/100-----
04-14 08:40:39 current lr: [6.400000000000003e-08]
  0%|          | 0/7 [00:00<?, ?it/s] 57%|#####7    | 4/7 [00:00<00:00, 37.93it/s]100%|##########| 7/7 [00:00<00:00, 36.81it/s]
04-14 08:40:39 Train-Loss Source Classifier: 0.0796
04-14 08:40:39 Train-Loss CORAL: 0.2031
04-14 08:40:39 Train-Acc Source Data: 0.9978
  0%|          | 0/8 [00:00<?, ?it/s]100%|##########| 8/8 [00:00<00:00, 155.47it/s]
04-14 08:40:39 Val-Acc Target Data: 0.1816
04-14 08:40:39 The best model epoch 7, val-acc 0.3672
04-14 08:40:39 -----Epoch 64/100-----
04-14 08:40:39 current lr: [6.400000000000003e-08]
  0%|          | 0/7 [00:00<?, ?it/s] 57%|#####7    | 4/7 [00:00<00:00, 38.77it/s]100%|##########| 7/7 [00:00<00:00, 36.77it/s]
04-14 08:40:40 Train-Loss Source Classifier: 0.0842
04-14 08:40:40 Train-Loss CORAL: 0.1978
04-14 08:40:40 Train-Acc Source Data: 0.9978
  0%|          | 0/8 [00:00<?, ?it/s]100%|##########| 8/8 [00:00<00:00, 157.02it/s]
04-14 08:40:40 Val-Acc Target Data: 0.1855
04-14 08:40:40 The best model epoch 7, val-acc 0.3672
04-14 08:40:40 -----Epoch 65/100-----
04-14 08:40:40 current lr: [6.400000000000003e-08]
  0%|          | 0/7 [00:00<?, ?it/s] 57%|#####7    | 4/7 [00:00<00:00, 38.16it/s]100%|##########| 7/7 [00:00<00:00, 37.24it/s]
04-14 08:40:40 Train-Loss Source Classifier: 0.0790
04-14 08:40:40 Train-Loss CORAL: 0.1988
04-14 08:40:40 Train-Acc Source Data: 0.9978
  0%|          | 0/8 [00:00<?, ?it/s]100%|##########| 8/8 [00:00<00:00, 162.08it/s]
04-14 08:40:40 Val-Acc Target Data: 0.1836
04-14 08:40:40 The best model epoch 7, val-acc 0.3672
04-14 08:40:40 -----Epoch 66/100-----
04-14 08:40:40 current lr: [6.400000000000003e-08]
  0%|          | 0/7 [00:00<?, ?it/s] 57%|#####7    | 4/7 [00:00<00:00, 37.95it/s]100%|##########| 7/7 [00:00<00:00, 37.36it/s]
04-14 08:40:40 Train-Loss Source Classifier: 0.0799
04-14 08:40:40 Train-Loss CORAL: 0.2006
04-14 08:40:40 Train-Acc Source Data: 1.0000
  0%|          | 0/8 [00:00<?, ?it/s]100%|##########| 8/8 [00:00<00:00, 162.40it/s]
04-14 08:40:40 Val-Acc Target Data: 0.1797
04-14 08:40:40 The best model epoch 7, val-acc 0.3672
04-14 08:40:40 -----Epoch 67/100-----
04-14 08:40:40 current lr: [6.400000000000003e-08]
  0%|          | 0/7 [00:00<?, ?it/s] 57%|#####7    | 4/7 [00:00<00:00, 39.82it/s]100%|##########| 7/7 [00:00<00:00, 37.84it/s]
04-14 08:40:40 Train-Loss Source Classifier: 0.0764
04-14 08:40:40 Train-Loss CORAL: 0.1988
04-14 08:40:40 Train-Acc Source Data: 1.0000
  0%|          | 0/8 [00:00<?, ?it/s]100%|##########| 8/8 [00:00<00:00, 162.32it/s]
04-14 08:40:40 Val-Acc Target Data: 0.1797
04-14 08:40:40 The best model epoch 7, val-acc 0.3672
04-14 08:40:40 -----Epoch 68/100-----
04-14 08:40:40 current lr: [6.400000000000003e-08]
  0%|          | 0/7 [00:00<?, ?it/s] 57%|#####7    | 4/7 [00:00<00:00, 38.39it/s]100%|##########| 7/7 [00:00<00:00, 37.91it/s]
04-14 08:40:41 Train-Loss Source Classifier: 0.0831
04-14 08:40:41 Train-Loss CORAL: 0.2007
04-14 08:40:41 Train-Acc Source Data: 0.9955
  0%|          | 0/8 [00:00<?, ?it/s]100%|##########| 8/8 [00:00<00:00, 162.69it/s]
04-14 08:40:41 Val-Acc Target Data: 0.1875
04-14 08:40:41 The best model epoch 7, val-acc 0.3672
04-14 08:40:41 -----Epoch 69/100-----
04-14 08:40:41 current lr: [6.400000000000003e-08]
  0%|          | 0/7 [00:00<?, ?it/s] 57%|#####7    | 4/7 [00:00<00:00, 38.65it/s]100%|##########| 7/7 [00:00<00:00, 37.60it/s]
04-14 08:40:41 Train-Loss Source Classifier: 0.0782
04-14 08:40:41 Train-Loss CORAL: 0.2087
04-14 08:40:41 Train-Acc Source Data: 0.9978
  0%|          | 0/8 [00:00<?, ?it/s]100%|##########| 8/8 [00:00<00:00, 160.45it/s]
04-14 08:40:41 Val-Acc Target Data: 0.1816
04-14 08:40:41 The best model epoch 7, val-acc 0.3672
04-14 08:40:41 -----Epoch 70/100-----
04-14 08:40:41 current lr: [6.400000000000003e-08]
  0%|          | 0/7 [00:00<?, ?it/s] 57%|#####7    | 4/7 [00:00<00:00, 38.44it/s]100%|##########| 7/7 [00:00<00:00, 37.26it/s]
04-14 08:40:41 Train-Loss Source Classifier: 0.0819
04-14 08:40:41 Train-Loss CORAL: 0.2050
04-14 08:40:41 Train-Acc Source Data: 0.9955
  0%|          | 0/8 [00:00<?, ?it/s]100%|##########| 8/8 [00:00<00:00, 161.39it/s]
04-14 08:40:41 Val-Acc Target Data: 0.1816
04-14 08:40:41 The best model epoch 7, val-acc 0.3672
04-14 08:40:41 -----Epoch 71/100-----
04-14 08:40:41 current lr: [1.2800000000000007e-08]
  0%|          | 0/7 [00:00<?, ?it/s] 57%|#####7    | 4/7 [00:00<00:00, 38.25it/s]100%|##########| 7/7 [00:00<00:00, 37.10it/s]
04-14 08:40:41 Train-Loss Source Classifier: 0.0801
04-14 08:40:41 Train-Loss CORAL: 0.2048
04-14 08:40:41 Train-Acc Source Data: 0.9978
  0%|          | 0/8 [00:00<?, ?it/s]100%|##########| 8/8 [00:00<00:00, 163.96it/s]
04-14 08:40:41 Val-Acc Target Data: 0.1777
04-14 08:40:41 The best model epoch 7, val-acc 0.3672
04-14 08:40:41 -----Epoch 72/100-----
04-14 08:40:41 current lr: [1.2800000000000007e-08]
