04-10 08:19:21 method: base
04-10 08:19:21 model_name: cnn_features_1d
04-10 08:19:21 data_name: CWRU
04-10 08:19:21 data_dir: /home/workspace/UDA_Bearing_Fault_Diagnosis/Data/CWRU/
04-10 08:19:21 transfer_task: [[1], [0]]
04-10 08:19:21 normlizetype: mean-std
04-10 08:19:21 adabn: False
04-10 08:19:21 eval_all: False
04-10 08:19:21 adabn_epochs: 3
04-10 08:19:21 cuda_device: 0
04-10 08:19:21 checkpoint_dir: ./checkpoint
04-10 08:19:21 pretrained: False
04-10 08:19:21 batch_size: 64
04-10 08:19:21 num_workers: 0
04-10 08:19:21 bottleneck: True
04-10 08:19:21 bottleneck_num: 256
04-10 08:19:21 last_batch: False
04-10 08:19:21 distance_metric: False
04-10 08:19:21 distance_loss: MK-MMD
04-10 08:19:21 trade_off_distance: Step
04-10 08:19:21 lam_distance: 1
04-10 08:19:21 domain_adversarial: False
04-10 08:19:21 adversarial_loss: CDA+E
04-10 08:19:21 hidden_size: 1024
04-10 08:19:21 trade_off_adversarial: Step
04-10 08:19:21 lam_adversarial: 1
04-10 08:19:21 opt: adam
04-10 08:19:21 lr: 0.001
04-10 08:19:21 momentum: 0.9
04-10 08:19:21 weight_decay: 1e-05
04-10 08:19:21 lr_scheduler: step
04-10 08:19:21 gamma: 0.1
04-10 08:19:21 steps: 150, 250
04-10 08:19:21 middle_epoch: 50
04-10 08:19:21 max_epoch: 300
04-10 08:19:21 print_step: 50
04-10 08:19:21 using 1 gpus
04-10 08:19:24 -----Epoch 0/299-----
04-10 08:19:24 current lr: [0.001]
04-10 08:19:24 Epoch: 0 [0/1231], Train Loss: 2.2558 Train Acc: 0.1406,1568.4 examples/sec 0.04 sec/batch
04-10 08:19:24 Epoch: 0 source_train-Loss: 1.8087 source_train-Acc: 0.3664, Cost 0.1 sec
04-10 08:19:24 Epoch: 0 source_val-Loss: 1.4845 source_val-Acc: 0.6169, Cost 0.0 sec
04-10 08:19:24 Epoch: 0 target_val-Loss: 1.7499 target_val-Acc: 0.5517, Cost 0.1 sec
04-10 08:19:24 save best model epoch 0, acc 0.5517
04-10 08:19:24 -----Epoch 1/299-----
04-10 08:19:24 current lr: [0.001]
04-10 08:19:24 Epoch: 1 source_train-Loss: 1.2616 source_train-Acc: 0.5288, Cost 0.1 sec
04-10 08:19:24 Epoch: 1 source_val-Loss: 0.8495 source_val-Acc: 0.7857, Cost 0.0 sec
04-10 08:19:24 Epoch: 1 target_val-Loss: 1.0352 target_val-Acc: 0.7387, Cost 0.1 sec
04-10 08:19:24 save best model epoch 1, acc 0.7387
04-10 08:19:24 -----Epoch 2/299-----
04-10 08:19:24 current lr: [0.001]
04-10 08:19:24 Epoch: 2 [640/1231], Train Loss: 1.3760 Train Acc: 0.4987,7383.9 examples/sec 0.01 sec/batch
04-10 08:19:24 Epoch: 2 source_train-Loss: 0.8523 source_train-Acc: 0.6466, Cost 0.1 sec
04-10 08:19:24 Epoch: 2 source_val-Loss: 0.5216 source_val-Acc: 0.8506, Cost 0.0 sec
04-10 08:19:24 Epoch: 2 target_val-Loss: 0.6753 target_val-Acc: 0.8130, Cost 0.1 sec
04-10 08:19:24 save best model epoch 2, acc 0.8130
04-10 08:19:24 -----Epoch 3/299-----
04-10 08:19:24 current lr: [0.001]
04-10 08:19:25 Epoch: 3 source_train-Loss: 0.5632 source_train-Acc: 0.7774, Cost 0.1 sec
04-10 08:19:25 Epoch: 3 source_val-Loss: 0.2669 source_val-Acc: 0.8929, Cost 0.0 sec
04-10 08:19:25 Epoch: 3 target_val-Loss: 0.3596 target_val-Acc: 0.8299, Cost 0.1 sec
04-10 08:19:25 save best model epoch 3, acc 0.8299
04-10 08:19:25 -----Epoch 4/299-----
04-10 08:19:25 current lr: [0.001]
04-10 08:19:25 Epoch: 4 source_train-Loss: 0.4188 source_train-Acc: 0.8302, Cost 0.1 sec
04-10 08:19:25 Epoch: 4 source_val-Loss: 0.2195 source_val-Acc: 0.9058, Cost 0.0 sec
04-10 08:19:25 Epoch: 4 target_val-Loss: 0.3674 target_val-Acc: 0.8092, Cost 0.1 sec
04-10 08:19:25 -----Epoch 5/299-----
04-10 08:19:25 current lr: [0.001]
04-10 08:19:25 Epoch: 5 [0/1231], Train Loss: 0.5441 Train Acc: 0.7756,6310.4 examples/sec 0.01 sec/batch
04-10 08:19:25 Epoch: 5 source_train-Loss: 0.3261 source_train-Acc: 0.8611, Cost 0.1 sec
04-10 08:19:25 Epoch: 5 source_val-Loss: 0.1576 source_val-Acc: 0.9643, Cost 0.0 sec
04-10 08:19:25 Epoch: 5 target_val-Loss: 0.2641 target_val-Acc: 0.9073, Cost 0.1 sec
04-10 08:19:25 save best model epoch 5, acc 0.9073
04-10 08:19:25 -----Epoch 6/299-----
04-10 08:19:25 current lr: [0.001]
04-10 08:19:25 Epoch: 6 source_train-Loss: 0.2531 source_train-Acc: 0.8976, Cost 0.1 sec
04-10 08:19:25 Epoch: 6 source_val-Loss: 0.1401 source_val-Acc: 0.9513, Cost 0.0 sec
04-10 08:19:25 Epoch: 6 target_val-Loss: 0.2058 target_val-Acc: 0.9211, Cost 0.1 sec
04-10 08:19:25 save best model epoch 6, acc 0.9211
04-10 08:19:25 -----Epoch 7/299-----
04-10 08:19:25 current lr: [0.001]
04-10 08:19:25 Epoch: 7 [640/1231], Train Loss: 0.2690 Train Acc: 0.8856,7228.4 examples/sec 0.01 sec/batch
04-10 08:19:25 Epoch: 7 source_train-Loss: 0.2137 source_train-Acc: 0.9033, Cost 0.1 sec
04-10 08:19:25 Epoch: 7 source_val-Loss: 0.0883 source_val-Acc: 0.9610, Cost 0.0 sec
04-10 08:19:25 Epoch: 7 target_val-Loss: 0.1483 target_val-Acc: 0.9563, Cost 0.1 sec
04-10 08:19:25 save best model epoch 7, acc 0.9563
04-10 08:19:25 -----Epoch 8/299-----
04-10 08:19:25 current lr: [0.001]
04-10 08:19:25 Epoch: 8 source_train-Loss: 0.1533 source_train-Acc: 0.9431, Cost 0.1 sec
04-10 08:19:25 Epoch: 8 source_val-Loss: 0.0697 source_val-Acc: 0.9773, Cost 0.0 sec
04-10 08:19:25 Epoch: 8 target_val-Loss: 0.1250 target_val-Acc: 0.9663, Cost 0.1 sec
04-10 08:19:25 save best model epoch 8, acc 0.9663
04-10 08:19:25 -----Epoch 9/299-----
04-10 08:19:25 current lr: [0.001]
04-10 08:19:26 Epoch: 9 source_train-Loss: 0.1355 source_train-Acc: 0.9545, Cost 0.1 sec
04-10 08:19:26 Epoch: 9 source_val-Loss: 0.0370 source_val-Acc: 0.9935, Cost 0.0 sec
04-10 08:19:26 Epoch: 9 target_val-Loss: 0.0800 target_val-Acc: 0.9716, Cost 0.1 sec
04-10 08:19:26 save best model epoch 9, acc 0.9716
04-10 08:19:26 -----Epoch 10/299-----
04-10 08:19:26 current lr: [0.001]
04-10 08:19:26 Epoch: 10 [0/1231], Train Loss: 0.1550 Train Acc: 0.9433,6227.1 examples/sec 0.01 sec/batch
04-10 08:19:26 Epoch: 10 source_train-Loss: 0.1029 source_train-Acc: 0.9626, Cost 0.1 sec
04-10 08:19:26 Epoch: 10 source_val-Loss: 0.0307 source_val-Acc: 0.9903, Cost 0.0 sec
04-10 08:19:26 Epoch: 10 target_val-Loss: 0.0664 target_val-Acc: 0.9785, Cost 0.1 sec
04-10 08:19:26 save best model epoch 10, acc 0.9785
04-10 08:19:26 -----Epoch 11/299-----
04-10 08:19:26 current lr: [0.001]
04-10 08:19:26 Epoch: 11 source_train-Loss: 0.1074 source_train-Acc: 0.9586, Cost 0.1 sec
04-10 08:19:26 Epoch: 11 source_val-Loss: 0.0316 source_val-Acc: 0.9870, Cost 0.0 sec
04-10 08:19:26 Epoch: 11 target_val-Loss: 0.1153 target_val-Acc: 0.9594, Cost 0.1 sec
04-10 08:19:26 -----Epoch 12/299-----
04-10 08:19:26 current lr: [0.001]
04-10 08:19:26 Epoch: 12 [640/1231], Train Loss: 0.0957 Train Acc: 0.9632,7585.9 examples/sec 0.01 sec/batch
04-10 08:19:26 Epoch: 12 source_train-Loss: 0.0632 source_train-Acc: 0.9748, Cost 0.1 sec
04-10 08:19:26 Epoch: 12 source_val-Loss: 0.0136 source_val-Acc: 0.9968, Cost 0.0 sec
04-10 08:19:26 Epoch: 12 target_val-Loss: 0.0611 target_val-Acc: 0.9793, Cost 0.1 sec
04-10 08:19:26 save best model epoch 12, acc 0.9793
04-10 08:19:26 -----Epoch 13/299-----
04-10 08:19:26 current lr: [0.001]
04-10 08:19:26 Epoch: 13 source_train-Loss: 0.0502 source_train-Acc: 0.9829, Cost 0.1 sec
04-10 08:19:26 Epoch: 13 source_val-Loss: 0.0170 source_val-Acc: 0.9935, Cost 0.0 sec
04-10 08:19:26 Epoch: 13 target_val-Loss: 0.0917 target_val-Acc: 0.9663, Cost 0.1 sec
04-10 08:19:26 -----Epoch 14/299-----
04-10 08:19:26 current lr: [0.001]
04-10 08:19:26 Epoch: 14 source_train-Loss: 0.0546 source_train-Acc: 0.9764, Cost 0.1 sec
04-10 08:19:27 Epoch: 14 source_val-Loss: 0.0157 source_val-Acc: 0.9903, Cost 0.0 sec
04-10 08:19:27 Epoch: 14 target_val-Loss: 0.0697 target_val-Acc: 0.9770, Cost 0.1 sec
04-10 08:19:27 -----Epoch 15/299-----
04-10 08:19:27 current lr: [0.001]
04-10 08:19:27 Epoch: 15 [0/1231], Train Loss: 0.0520 Train Acc: 0.9797,6472.3 examples/sec 0.01 sec/batch
04-10 08:19:27 Epoch: 15 source_train-Loss: 0.0529 source_train-Acc: 0.9821, Cost 0.1 sec
04-10 08:19:27 Epoch: 15 source_val-Loss: 0.0076 source_val-Acc: 0.9968, Cost 0.0 sec
04-10 08:19:27 Epoch: 15 target_val-Loss: 0.0626 target_val-Acc: 0.9793, Cost 0.1 sec
04-10 08:19:27 -----Epoch 16/299-----
04-10 08:19:27 current lr: [0.001]
04-10 08:19:27 Epoch: 16 source_train-Loss: 0.0798 source_train-Acc: 0.9708, Cost 0.1 sec
04-10 08:19:27 Epoch: 16 source_val-Loss: 0.0047 source_val-Acc: 1.0000, Cost 0.0 sec
04-10 08:19:27 Epoch: 16 target_val-Loss: 0.0477 target_val-Acc: 0.9877, Cost 0.1 sec
04-10 08:19:27 save best model epoch 16, acc 0.9877
04-10 08:19:27 -----Epoch 17/299-----
04-10 08:19:27 current lr: [0.001]
04-10 08:19:27 Epoch: 17 [640/1231], Train Loss: 0.0663 Train Acc: 0.9765,7658.6 examples/sec 0.01 sec/batch
04-10 08:19:27 Epoch: 17 source_train-Loss: 0.0580 source_train-Acc: 0.9805, Cost 0.1 sec
04-10 08:19:27 Epoch: 17 source_val-Loss: 0.0031 source_val-Acc: 1.0000, Cost 0.0 sec
04-10 08:19:27 Epoch: 17 target_val-Loss: 0.0620 target_val-Acc: 0.9762, Cost 0.1 sec
04-10 08:19:27 -----Epoch 18/299-----
04-10 08:19:27 current lr: [0.001]
04-10 08:19:27 Epoch: 18 source_train-Loss: 0.0312 source_train-Acc: 0.9878, Cost 0.1 sec
04-10 08:19:27 Epoch: 18 source_val-Loss: 0.0095 source_val-Acc: 0.9935, Cost 0.0 sec
04-10 08:19:27 Epoch: 18 target_val-Loss: 0.0512 target_val-Acc: 0.9831, Cost 0.1 sec
04-10 08:19:27 -----Epoch 19/299-----
04-10 08:19:27 current lr: [0.001]
04-10 08:19:27 Epoch: 19 source_train-Loss: 0.0315 source_train-Acc: 0.9911, Cost 0.1 sec
04-10 08:19:27 Epoch: 19 source_val-Loss: 0.0025 source_val-Acc: 1.0000, Cost 0.0 sec
04-10 08:19:27 Epoch: 19 target_val-Loss: 0.0856 target_val-Acc: 0.9732, Cost 0.1 sec
04-10 08:19:27 -----Epoch 20/299-----
04-10 08:19:27 current lr: [0.001]
04-10 08:19:27 Epoch: 20 [0/1231], Train Loss: 0.0347 Train Acc: 0.9882,6641.2 examples/sec 0.01 sec/batch
04-10 08:19:28 Epoch: 20 source_train-Loss: 0.0334 source_train-Acc: 0.9878, Cost 0.1 sec
04-10 08:19:28 Epoch: 20 source_val-Loss: 0.0067 source_val-Acc: 0.9935, Cost 0.0 sec
04-10 08:19:28 Epoch: 20 target_val-Loss: 0.0560 target_val-Acc: 0.9831, Cost 0.1 sec
04-10 08:19:28 -----Epoch 21/299-----
04-10 08:19:28 current lr: [0.001]
04-10 08:19:28 Epoch: 21 source_train-Loss: 0.0468 source_train-Acc: 0.9821, Cost 0.1 sec
04-10 08:19:28 Epoch: 21 source_val-Loss: 0.0019 source_val-Acc: 1.0000, Cost 0.0 sec
04-10 08:19:28 Epoch: 21 target_val-Loss: 0.0415 target_val-Acc: 0.9854, Cost 0.1 sec
04-10 08:19:28 -----Epoch 22/299-----
04-10 08:19:28 current lr: [0.001]
04-10 08:19:28 Epoch: 22 [640/1231], Train Loss: 0.0424 Train Acc: 0.9852,7871.6 examples/sec 0.01 sec/batch
04-10 08:19:28 Epoch: 22 source_train-Loss: 0.0417 source_train-Acc: 0.9870, Cost 0.1 sec
04-10 08:19:28 Epoch: 22 source_val-Loss: 0.0090 source_val-Acc: 0.9968, Cost 0.0 sec
04-10 08:19:28 Epoch: 22 target_val-Loss: 0.1289 target_val-Acc: 0.9517, Cost 0.1 sec
04-10 08:19:28 -----Epoch 23/299-----
04-10 08:19:28 current lr: [0.001]
04-10 08:19:28 Epoch: 23 source_train-Loss: 0.0381 source_train-Acc: 0.9870, Cost 0.1 sec
04-10 08:19:28 Epoch: 23 source_val-Loss: 0.0013 source_val-Acc: 1.0000, Cost 0.0 sec
04-10 08:19:28 Epoch: 23 target_val-Loss: 0.0416 target_val-Acc: 0.9847, Cost 0.1 sec
04-10 08:19:28 -----Epoch 24/299-----
04-10 08:19:28 current lr: [0.001]
04-10 08:19:28 Epoch: 24 source_train-Loss: 0.0235 source_train-Acc: 0.9894, Cost 0.1 sec
04-10 08:19:28 Epoch: 24 source_val-Loss: 0.0011 source_val-Acc: 1.0000, Cost 0.0 sec
04-10 08:19:28 Epoch: 24 target_val-Loss: 0.0686 target_val-Acc: 0.9755, Cost 0.1 sec
04-10 08:19:28 -----Epoch 25/299-----
04-10 08:19:28 current lr: [0.001]
04-10 08:19:28 Epoch: 25 [0/1231], Train Loss: 0.0308 Train Acc: 0.9885,6667.7 examples/sec 0.01 sec/batch
04-10 08:19:28 Epoch: 25 source_train-Loss: 0.0172 source_train-Acc: 0.9943, Cost 0.1 sec
04-10 08:19:28 Epoch: 25 source_val-Loss: 0.0003 source_val-Acc: 1.0000, Cost 0.0 sec
04-10 08:19:28 Epoch: 25 target_val-Loss: 0.0554 target_val-Acc: 0.9831, Cost 0.1 sec
04-10 08:19:28 -----Epoch 26/299-----
04-10 08:19:28 current lr: [0.001]
04-10 08:19:29 Epoch: 26 source_train-Loss: 0.0090 source_train-Acc: 0.9984, Cost 0.1 sec
04-10 08:19:29 Epoch: 26 source_val-Loss: 0.0002 source_val-Acc: 1.0000, Cost 0.0 sec
04-10 08:19:29 Epoch: 26 target_val-Loss: 0.0395 target_val-Acc: 0.9847, Cost 0.1 sec
04-10 08:19:29 -----Epoch 27/299-----
04-10 08:19:29 current lr: [0.001]
04-10 08:19:29 Epoch: 27 [640/1231], Train Loss: 0.0128 Train Acc: 0.9965,7997.3 examples/sec 0.01 sec/batch
04-10 08:19:29 Epoch: 27 source_train-Loss: 0.0128 source_train-Acc: 0.9959, Cost 0.1 sec
04-10 08:19:29 Epoch: 27 source_val-Loss: 0.0002 source_val-Acc: 1.0000, Cost 0.0 sec
04-10 08:19:29 Epoch: 27 target_val-Loss: 0.0879 target_val-Acc: 0.9755, Cost 0.1 sec
04-10 08:19:29 -----Epoch 28/299-----
04-10 08:19:29 current lr: [0.001]
04-10 08:19:29 Epoch: 28 source_train-Loss: 0.0141 source_train-Acc: 0.9968, Cost 0.1 sec
04-10 08:19:29 Epoch: 28 source_val-Loss: 0.0001 source_val-Acc: 1.0000, Cost 0.0 sec
04-10 08:19:29 Epoch: 28 target_val-Loss: 0.0487 target_val-Acc: 0.9839, Cost 0.1 sec
04-10 08:19:29 -----Epoch 29/299-----
04-10 08:19:29 current lr: [0.001]
04-10 08:19:29 Epoch: 29 source_train-Loss: 0.0117 source_train-Acc: 0.9968, Cost 0.1 sec
04-10 08:19:29 Epoch: 29 source_val-Loss: 0.0016 source_val-Acc: 1.0000, Cost 0.0 sec
04-10 08:19:29 Epoch: 29 target_val-Loss: 0.0391 target_val-Acc: 0.9847, Cost 0.1 sec
04-10 08:19:29 -----Epoch 30/299-----
04-10 08:19:29 current lr: [0.001]
04-10 08:19:29 Epoch: 30 [0/1231], Train Loss: 0.0133 Train Acc: 0.9964,6582.7 examples/sec 0.01 sec/batch
04-10 08:19:29 Epoch: 30 source_train-Loss: 0.0111 source_train-Acc: 0.9968, Cost 0.1 sec
04-10 08:19:29 Epoch: 30 source_val-Loss: 0.0135 source_val-Acc: 0.9968, Cost 0.0 sec
04-10 08:19:29 Epoch: 30 target_val-Loss: 0.0573 target_val-Acc: 0.9831, Cost 0.1 sec
04-10 08:19:29 -----Epoch 31/299-----
04-10 08:19:29 current lr: [0.001]
04-10 08:19:29 Epoch: 31 source_train-Loss: 0.0096 source_train-Acc: 0.9976, Cost 0.1 sec
