04-10 15:34:27 model_name: MixStyle
04-10 15:34:27 source: CWRU_0,CWRU_2,CWRU_3
04-10 15:34:27 target: CWRU_1
04-10 15:34:27 data_dir: ./datasets
04-10 15:34:27 train_mode: multi_source
04-10 15:34:27 cuda_device: 0
04-10 15:34:27 save_dir: ./ckpt
04-10 15:34:27 max_epoch: 30
04-10 15:34:27 batch_size: 64
04-10 15:34:27 num_workers: 4
04-10 15:34:27 signal_size: 2048
04-10 15:34:27 random_state: 1
04-10 15:34:27 normlizetype: mean-std
04-10 15:34:27 opt: sgd
04-10 15:34:27 lr: 0.01
04-10 15:34:27 momentum: 0.9
04-10 15:34:27 betas: (0.9, 0.999)
04-10 15:34:27 weight_decay: 0.0005
04-10 15:34:27 lr_scheduler: stepLR
04-10 15:34:27 gamma: 0.2
04-10 15:34:27 steps: 10
04-10 15:34:27 tradeoff: ['exp', 'exp', 'exp']
04-10 15:34:27 dropout: 0.0
04-10 15:34:27 save: True
04-10 15:34:27 load_path: 
04-10 15:34:27 save_path: ./ckpt/MixStyle/multi_source/[CWRU_0CWRU_2CWRU_3]To[CWRU_1]_0410-153427
04-10 15:34:27 Detect 4 classes: ['ball', 'inner', 'normal', 'outer']
04-10 15:34:27 using 1 / 1 gpus
04-10 15:34:30 Source set CWRU_0 number of samples 769.
04-10 15:34:30 Source set CWRU_2 number of samples 767.
04-10 15:34:30 Source set CWRU_3 number of samples 650.
04-10 15:34:30 Training set number of samples 611.
04-10 15:34:30 Validation set number of samples 156.
04-10 15:34:32 -----Epoch 1/30-----
04-10 15:34:32 current lr: [0.01, 0.01]
04-10 15:34:32 Train-Loss Source Classifier: 1.2947
04-10 15:34:32 Train-Acc Source Data: 0.4028
04-10 15:34:32 Val-Acc Target Data: 0.3750
04-10 15:34:32 The best model epoch 1, val-acc 0.3750
04-10 15:34:32 -----Epoch 2/30-----
04-10 15:34:32 current lr: [0.01, 0.01]
04-10 15:34:32 Train-Loss Source Classifier: 0.8599
04-10 15:34:32 Train-Acc Source Data: 0.6562
04-10 15:34:33 Val-Acc Target Data: 0.8516
04-10 15:34:33 The best model epoch 2, val-acc 0.8516
04-10 15:34:33 -----Epoch 3/30-----
04-10 15:34:33 current lr: [0.01, 0.01]
04-10 15:34:33 Train-Loss Source Classifier: 0.4757
04-10 15:34:33 Train-Acc Source Data: 0.7917
04-10 15:34:33 Val-Acc Target Data: 0.9531
04-10 15:34:33 The best model epoch 3, val-acc 0.9531
04-10 15:34:33 -----Epoch 4/30-----
04-10 15:34:33 current lr: [0.01, 0.01]
04-10 15:34:34 Train-Loss Source Classifier: 0.3126
04-10 15:34:34 Train-Acc Source Data: 0.8767
04-10 15:34:34 Val-Acc Target Data: 0.9922
04-10 15:34:34 The best model epoch 4, val-acc 0.9922
04-10 15:34:34 -----Epoch 5/30-----
04-10 15:34:34 current lr: [0.01, 0.01]
04-10 15:34:35 Train-Loss Source Classifier: 0.1641
04-10 15:34:35 Train-Acc Source Data: 0.9306
04-10 15:34:35 Val-Acc Target Data: 0.9922
04-10 15:34:35 The best model epoch 5, val-acc 0.9922
04-10 15:34:35 -----Epoch 6/30-----
04-10 15:34:35 current lr: [0.01, 0.01]
04-10 15:34:35 Train-Loss Source Classifier: 0.1430
04-10 15:34:35 Train-Acc Source Data: 0.9514
04-10 15:34:35 Val-Acc Target Data: 0.8906
04-10 15:34:35 The best model epoch 5, val-acc 0.9922
04-10 15:34:35 -----Epoch 7/30-----
04-10 15:34:35 current lr: [0.01, 0.01]
04-10 15:34:36 Train-Loss Source Classifier: 0.1167
04-10 15:34:36 Train-Acc Source Data: 0.9618
04-10 15:34:36 Val-Acc Target Data: 1.0000
04-10 15:34:36 The best model epoch 7, val-acc 1.0000
04-10 15:34:36 -----Epoch 8/30-----
04-10 15:34:36 current lr: [0.01, 0.01]
04-10 15:34:37 Train-Loss Source Classifier: 0.0547
04-10 15:34:37 Train-Acc Source Data: 0.9809
