04-11 08:59:14 imba: False
04-11 08:59:14 model_name: CORAL
04-11 08:59:14 Domain: CWRU
04-11 08:59:14 source: CWRU_0
04-11 08:59:14 target: CWRU_3
04-11 08:59:14 data_dir: ./datasets
04-11 08:59:14 train_mode: single_source
04-11 08:59:14 cuda_device: 0
04-11 08:59:14 save_dir: ./ckpt
04-11 08:59:14 max_epoch: 30
04-11 08:59:14 batch_size: 64
04-11 08:59:14 num_workers: 0
04-11 08:59:14 signal_size: 2048
04-11 08:59:14 random_state: 2024
04-11 08:59:14 normlizetype: mean-std
04-11 08:59:14 opt: sgd
04-11 08:59:14 lr: 0.01
04-11 08:59:14 momentum: 0.9
04-11 08:59:14 betas: (0.9, 0.999)
04-11 08:59:14 weight_decay: 0.0005
04-11 08:59:14 lr_scheduler: stepLR
04-11 08:59:14 gamma: 0.2
04-11 08:59:14 steps: 10
04-11 08:59:14 tradeoff: ['exp', 'exp', 'exp']
04-11 08:59:14 dropout: 0.0
04-11 08:59:14 save: False
04-11 08:59:14 load_path: 
04-11 08:59:14 save_path: ./ckpt/CORAL/single_source/[CWRU_0]To[CWRU_3]_0411-085914
04-11 08:59:14 Detect 4 classes: ['ball', 'inner', 'normal', 'outer']
04-11 08:59:14 using 1 / 1 gpus
Training data length: 759
Testing data length: 380
Source Data Distribution:
+--------------+---------+
| Label        |   Count |
|--------------+---------|
| 0            |     261 |
| 1            |     261 |
| 2            |     261 |
| 3            |     261 |
| Dataset Size |    1044 |
+--------------+---------+
04-11 08:59:16 Source set CWRU_0 number of samples 1044.
Training data length: 640
Testing data length: 320
04-11 08:59:16 target training set number of samples 472.Target Data Distribution:
04-11 08:59:16 target validation set number of samples 236.

+--------------+---------+-------+
|              |   train |   val |
|--------------+---------+-------|
| 0            |     118 |    59 |
| 1            |     118 |    59 |
| 2            |     118 |    59 |
| 3            |     118 |    59 |
| Dataset Size |     472 |   236 |
+--------------+---------+-------+
04-11 08:59:16 -----Epoch 1/30-----
04-11 08:59:16 current lr: [0.01]
  0%|          | 0/7 [00:00<?, ?it/s] 43%|####2     | 3/7 [00:00<00:00, 25.21it/s]100%|##########| 7/7 [00:00<00:00, 31.29it/s]100%|##########| 7/7 [00:00<00:00, 30.33it/s]
04-11 08:59:17 Train-Loss Source Classifier: 1.2476
04-11 08:59:17 Train-Loss CORAL: 0.0725
04-11 08:59:17 Train-Acc Source Data: 0.5000
  0%|          | 0/3 [00:00<?, ?it/s]100%|##########| 3/3 [00:00<00:00, 158.96it/s]
04-11 08:59:17 Val-Acc Target Data: 0.3750
04-11 08:59:17 The best model epoch 1, val-acc 0.3750
04-11 08:59:17 -----Epoch 2/30-----
04-11 08:59:17 current lr: [0.01]
  0%|          | 0/7 [00:00<?, ?it/s] 57%|#####7    | 4/7 [00:00<00:00, 37.90it/s]100%|##########| 7/7 [00:00<00:00, 36.90it/s]
04-11 08:59:17 Train-Loss Source Classifier: 0.7668
04-11 08:59:17 Train-Loss CORAL: 0.0978
04-11 08:59:17 Train-Acc Source Data: 0.6027
  0%|          | 0/3 [00:00<?, ?it/s]100%|##########| 3/3 [00:00<00:00, 160.65it/s]
04-11 08:59:17 Val-Acc Target Data: 0.6354
04-11 08:59:17 The best model epoch 2, val-acc 0.6354
04-11 08:59:17 -----Epoch 3/30-----
04-11 08:59:17 current lr: [0.01]
  0%|          | 0/7 [00:00<?, ?it/s] 57%|#####7    | 4/7 [00:00<00:00, 38.18it/s]100%|##########| 7/7 [00:00<00:00, 36.69it/s]
04-11 08:59:17 Train-Loss Source Classifier: 0.3423
04-11 08:59:17 Train-Loss CORAL: 0.1050
04-11 08:59:17 Train-Acc Source Data: 0.8839
  0%|          | 0/3 [00:00<?, ?it/s]100%|##########| 3/3 [00:00<00:00, 148.60it/s]
04-11 08:59:17 Val-Acc Target Data: 0.8490
04-11 08:59:17 The best model epoch 3, val-acc 0.8490
04-11 08:59:17 -----Epoch 4/30-----
04-11 08:59:17 current lr: [0.01]
  0%|          | 0/7 [00:00<?, ?it/s] 57%|#####7    | 4/7 [00:00<00:00, 39.00it/s]100%|##########| 7/7 [00:00<00:00, 37.40it/s]
04-11 08:59:17 Train-Loss Source Classifier: 0.1795
04-11 08:59:17 Train-Loss CORAL: 0.1120
04-11 08:59:17 Train-Acc Source Data: 0.9509
  0%|          | 0/3 [00:00<?, ?it/s]100%|##########| 3/3 [00:00<00:00, 149.34it/s]
04-11 08:59:17 Val-Acc Target Data: 0.8542
04-11 08:59:17 The best model epoch 4, val-acc 0.8542
04-11 08:59:17 -----Epoch 5/30-----
04-11 08:59:17 current lr: [0.01]
  0%|          | 0/7 [00:00<?, ?it/s] 57%|#####7    | 4/7 [00:00<00:00, 39.02it/s]100%|##########| 7/7 [00:00<00:00, 36.99it/s]
04-11 08:59:18 Train-Loss Source Classifier: 0.0297
04-11 08:59:18 Train-Loss CORAL: 0.0850
04-11 08:59:18 Train-Acc Source Data: 0.9911
  0%|          | 0/3 [00:00<?, ?it/s]100%|##########| 3/3 [00:00<00:00, 151.75it/s]
04-11 08:59:18 Val-Acc Target Data: 0.8281
04-11 08:59:18 The best model epoch 4, val-acc 0.8542
04-11 08:59:18 -----Epoch 6/30-----
04-11 08:59:18 current lr: [0.01]
  0%|          | 0/7 [00:00<?, ?it/s] 57%|#####7    | 4/7 [00:00<00:00, 36.48it/s]100%|##########| 7/7 [00:00<00:00, 36.49it/s]
04-11 08:59:18 Train-Loss Source Classifier: 0.0064
04-11 08:59:18 Train-Loss CORAL: 0.0736
04-11 08:59:18 Train-Acc Source Data: 1.0000
  0%|          | 0/3 [00:00<?, ?it/s]100%|##########| 3/3 [00:00<00:00, 161.00it/s]
04-11 08:59:18 Val-Acc Target Data: 0.8698
04-11 08:59:18 The best model epoch 6, val-acc 0.8698
04-11 08:59:18 -----Epoch 7/30-----
04-11 08:59:18 current lr: [0.01]
  0%|          | 0/7 [00:00<?, ?it/s] 57%|#####7    | 4/7 [00:00<00:00, 39.10it/s]100%|##########| 7/7 [00:00<00:00, 36.09it/s]
04-11 08:59:18 Train-Loss Source Classifier: 0.0014
04-11 08:59:18 Train-Loss CORAL: 0.0602
04-11 08:59:18 Train-Acc Source Data: 1.0000
  0%|          | 0/3 [00:00<?, ?it/s]100%|##########| 3/3 [00:00<00:00, 159.65it/s]
04-11 08:59:18 Val-Acc Target Data: 0.8802
04-11 08:59:18 The best model epoch 7, val-acc 0.8802
04-11 08:59:18 -----Epoch 8/30-----
04-11 08:59:18 current lr: [0.01]
  0%|          | 0/7 [00:00<?, ?it/s] 57%|#####7    | 4/7 [00:00<00:00, 38.39it/s]100%|##########| 7/7 [00:00<00:00, 36.39it/s]
04-11 08:59:18 Train-Loss Source Classifier: 0.0009
04-11 08:59:18 Train-Loss CORAL: 0.0435
04-11 08:59:18 Train-Acc Source Data: 1.0000
  0%|          | 0/3 [00:00<?, ?it/s]100%|##########| 3/3 [00:00<00:00, 156.18it/s]
04-11 08:59:18 Val-Acc Target Data: 0.8802
04-11 08:59:18 The best model epoch 8, val-acc 0.8802
04-11 08:59:18 -----Epoch 9/30-----
04-11 08:59:18 current lr: [0.01]
  0%|          | 0/7 [00:00<?, ?it/s] 57%|#####7    | 4/7 [00:00<00:00, 38.12it/s]100%|##########| 7/7 [00:00<00:00, 37.77it/s]
04-11 08:59:18 Train-Loss Source Classifier: 0.0005
04-11 08:59:18 Train-Loss CORAL: 0.0437
04-11 08:59:18 Train-Acc Source Data: 1.0000
  0%|          | 0/3 [00:00<?, ?it/s]100%|##########| 3/3 [00:00<00:00, 137.73it/s]
04-11 08:59:19 Val-Acc Target Data: 0.8802
04-11 08:59:19 The best model epoch 9, val-acc 0.8802
04-11 08:59:19 -----Epoch 10/30-----
04-11 08:59:19 current lr: [0.01]
  0%|          | 0/7 [00:00<?, ?it/s] 57%|#####7    | 4/7 [00:00<00:00, 39.33it/s]100%|##########| 7/7 [00:00<00:00, 37.65it/s]
04-11 08:59:19 Train-Loss Source Classifier: 0.0006
04-11 08:59:19 Train-Loss CORAL: 0.0312
04-11 08:59:19 Train-Acc Source Data: 1.0000
  0%|          | 0/3 [00:00<?, ?it/s]100%|##########| 3/3 [00:00<00:00, 163.64it/s]
04-11 08:59:19 Val-Acc Target Data: 0.8802
04-11 08:59:19 The best model epoch 10, val-acc 0.8802
04-11 08:59:19 -----Epoch 11/30-----
04-11 08:59:19 current lr: [0.002]
  0%|          | 0/7 [00:00<?, ?it/s] 57%|#####7    | 4/7 [00:00<00:00, 37.22it/s]100%|##########| 7/7 [00:00<00:00, 36.18it/s]
04-11 08:59:19 Train-Loss Source Classifier: 0.0007
04-11 08:59:19 Train-Loss CORAL: 0.0372
04-11 08:59:19 Train-Acc Source Data: 1.0000
  0%|          | 0/3 [00:00<?, ?it/s]100%|##########| 3/3 [00:00<00:00, 163.92it/s]
04-11 08:59:19 Val-Acc Target Data: 0.8854
04-11 08:59:19 The best model epoch 11, val-acc 0.8854
04-11 08:59:19 -----Epoch 12/30-----
04-11 08:59:19 current lr: [0.002]
  0%|          | 0/7 [00:00<?, ?it/s] 57%|#####7    | 4/7 [00:00<00:00, 36.76it/s]100%|##########| 7/7 [00:00<00:00, 37.06it/s]
04-11 08:59:19 Train-Loss Source Classifier: 0.0005
04-11 08:59:19 Train-Loss CORAL: 0.0311
04-11 08:59:19 Train-Acc Source Data: 1.0000
  0%|          | 0/3 [00:00<?, ?it/s]100%|##########| 3/3 [00:00<00:00, 149.39it/s]
04-11 08:59:19 Val-Acc Target Data: 0.8854
04-11 08:59:19 The best model epoch 12, val-acc 0.8854
04-11 08:59:19 -----Epoch 13/30-----
04-11 08:59:19 current lr: [0.002]
  0%|          | 0/7 [00:00<?, ?it/s] 57%|#####7    | 4/7 [00:00<00:00, 38.10it/s]100%|##########| 7/7 [00:00<00:00, 36.99it/s]
04-11 08:59:19 Train-Loss Source Classifier: 0.0011
04-11 08:59:19 Train-Loss CORAL: 0.0434
04-11 08:59:19 Train-Acc Source Data: 1.0000
  0%|          | 0/3 [00:00<?, ?it/s]100%|##########| 3/3 [00:00<00:00, 152.68it/s]
04-11 08:59:19 Val-Acc Target Data: 0.8854
04-11 08:59:19 The best model epoch 13, val-acc 0.8854
04-11 08:59:19 -----Epoch 14/30-----
04-11 08:59:19 current lr: [0.002]
  0%|          | 0/7 [00:00<?, ?it/s] 57%|#####7    | 4/7 [00:00<00:00, 38.92it/s]100%|##########| 7/7 [00:00<00:00, 37.81it/s]
04-11 08:59:20 Train-Loss Source Classifier: 0.0010
04-11 08:59:20 Train-Loss CORAL: 0.0326
04-11 08:59:20 Train-Acc Source Data: 1.0000
  0%|          | 0/3 [00:00<?, ?it/s]100%|##########| 3/3 [00:00<00:00, 136.61it/s]
04-11 08:59:20 Val-Acc Target Data: 0.8854
04-11 08:59:20 The best model epoch 14, val-acc 0.8854
04-11 08:59:20 -----Epoch 15/30-----
04-11 08:59:20 current lr: [0.002]
  0%|          | 0/7 [00:00<?, ?it/s] 57%|#####7    | 4/7 [00:00<00:00, 37.65it/s]100%|##########| 7/7 [00:00<00:00, 37.34it/s]
04-11 08:59:20 Train-Loss Source Classifier: 0.0005
04-11 08:59:20 Train-Loss CORAL: 0.0306
04-11 08:59:20 Train-Acc Source Data: 1.0000
  0%|          | 0/3 [00:00<?, ?it/s]100%|##########| 3/3 [00:00<00:00, 153.00it/s]
04-11 08:59:20 Val-Acc Target Data: 0.8854
04-11 08:59:20 The best model epoch 15, val-acc 0.8854
04-11 08:59:20 -----Epoch 16/30-----
04-11 08:59:20 current lr: [0.002]
  0%|          | 0/7 [00:00<?, ?it/s] 57%|#####7    | 4/7 [00:00<00:00, 38.78it/s]100%|##########| 7/7 [00:00<00:00, 38.54it/s]
04-11 08:59:20 Train-Loss Source Classifier: 0.0006
04-11 08:59:20 Train-Loss CORAL: 0.0365
04-11 08:59:20 Train-Acc Source Data: 1.0000
  0%|          | 0/3 [00:00<?, ?it/s]100%|##########| 3/3 [00:00<00:00, 160.36it/s]
04-11 08:59:20 Val-Acc Target Data: 0.8854
04-11 08:59:20 The best model epoch 16, val-acc 0.8854
04-11 08:59:20 -----Epoch 17/30-----
04-11 08:59:20 current lr: [0.002]
  0%|          | 0/7 [00:00<?, ?it/s] 57%|#####7    | 4/7 [00:00<00:00, 38.63it/s]100%|##########| 7/7 [00:00<00:00, 37.29it/s]
04-11 08:59:20 Train-Loss Source Classifier: 0.0005
04-11 08:59:20 Train-Loss CORAL: 0.0265
04-11 08:59:20 Train-Acc Source Data: 1.0000
  0%|          | 0/3 [00:00<?, ?it/s]100%|##########| 3/3 [00:00<00:00, 155.33it/s]
04-11 08:59:20 Val-Acc Target Data: 0.8854
04-11 08:59:20 The best model epoch 17, val-acc 0.8854
04-11 08:59:20 -----Epoch 18/30-----
04-11 08:59:20 current lr: [0.002]
  0%|          | 0/7 [00:00<?, ?it/s] 57%|#####7    | 4/7 [00:00<00:00, 37.12it/s]100%|##########| 7/7 [00:00<00:00, 36.40it/s]
04-11 08:59:20 Train-Loss Source Classifier: 0.0010
04-11 08:59:20 Train-Loss CORAL: 0.0439
04-11 08:59:20 Train-Acc Source Data: 1.0000
  0%|          | 0/3 [00:00<?, ?it/s]100%|##########| 3/3 [00:00<00:00, 156.23it/s]
04-11 08:59:20 Val-Acc Target Data: 0.8854
04-11 08:59:20 The best model epoch 18, val-acc 0.8854
04-11 08:59:20 -----Epoch 19/30-----
04-11 08:59:20 current lr: [0.002]
  0%|          | 0/7 [00:00<?, ?it/s] 57%|#####7    | 4/7 [00:00<00:00, 37.88it/s]100%|##########| 7/7 [00:00<00:00, 37.36it/s]
04-11 08:59:21 Train-Loss Source Classifier: 0.0005
04-11 08:59:21 Train-Loss CORAL: 0.0319
04-11 08:59:21 Train-Acc Source Data: 1.0000
  0%|          | 0/3 [00:00<?, ?it/s]100%|##########| 3/3 [00:00<00:00, 153.37it/s]
04-11 08:59:21 Val-Acc Target Data: 0.8854
04-11 08:59:21 The best model epoch 19, val-acc 0.8854
04-11 08:59:21 -----Epoch 20/30-----
04-11 08:59:21 current lr: [0.002]
  0%|          | 0/7 [00:00<?, ?it/s] 57%|#####7    | 4/7 [00:00<00:00, 38.18it/s]100%|##########| 7/7 [00:00<00:00, 37.76it/s]
04-11 08:59:21 Train-Loss Source Classifier: 0.0030
04-11 08:59:21 Train-Loss CORAL: 0.0294
04-11 08:59:21 Train-Acc Source Data: 1.0000
  0%|          | 0/3 [00:00<?, ?it/s]100%|##########| 3/3 [00:00<00:00, 158.21it/s]
04-11 08:59:21 Val-Acc Target Data: 0.8854
04-11 08:59:21 The best model epoch 20, val-acc 0.8854
04-11 08:59:21 -----Epoch 21/30-----
04-11 08:59:21 current lr: [0.0004]
  0%|          | 0/7 [00:00<?, ?it/s] 57%|#####7    | 4/7 [00:00<00:00, 38.89it/s]100%|##########| 7/7 [00:00<00:00, 37.62it/s]
04-11 08:59:21 Train-Loss Source Classifier: 0.0004
04-11 08:59:21 Train-Loss CORAL: 0.0300
04-11 08:59:21 Train-Acc Source Data: 1.0000
  0%|          | 0/3 [00:00<?, ?it/s]100%|##########| 3/3 [00:00<00:00, 152.32it/s]
04-11 08:59:21 Val-Acc Target Data: 0.8854
04-11 08:59:21 The best model epoch 21, val-acc 0.8854
04-11 08:59:21 -----Epoch 22/30-----
04-11 08:59:21 current lr: [0.0004]
  0%|          | 0/7 [00:00<?, ?it/s] 57%|#####7    | 4/7 [00:00<00:00, 39.80it/s]100%|##########| 7/7 [00:00<00:00, 37.67it/s]
04-11 08:59:21 Train-Loss Source Classifier: 0.0005
04-11 08:59:21 Train-Loss CORAL: 0.0349
04-11 08:59:21 Train-Acc Source Data: 1.0000
  0%|          | 0/3 [00:00<?, ?it/s]100%|##########| 3/3 [00:00<00:00, 151.20it/s]
04-11 08:59:21 Val-Acc Target Data: 0.8854
04-11 08:59:21 The best model epoch 22, val-acc 0.8854
04-11 08:59:21 -----Epoch 23/30-----
04-11 08:59:21 current lr: [0.0004]
  0%|          | 0/7 [00:00<?, ?it/s] 57%|#####7    | 4/7 [00:00<00:00, 38.68it/s]100%|##########| 7/7 [00:00<00:00, 37.25it/s]
04-11 08:59:22 Train-Loss Source Classifier: 0.0007
04-11 08:59:22 Train-Loss CORAL: 0.0279
04-11 08:59:22 Train-Acc Source Data: 1.0000
  0%|          | 0/3 [00:00<?, ?it/s]100%|##########| 3/3 [00:00<00:00, 161.01it/s]
04-11 08:59:22 Val-Acc Target Data: 0.8854
04-11 08:59:22 The best model epoch 23, val-acc 0.8854
04-11 08:59:22 -----Epoch 24/30-----
04-11 08:59:22 current lr: [0.0004]
  0%|          | 0/7 [00:00<?, ?it/s] 57%|#####7    | 4/7 [00:00<00:00, 38.28it/s]100%|##########| 7/7 [00:00<00:00, 37.44it/s]
04-11 08:59:22 Train-Loss Source Classifier: 0.0007
04-11 08:59:22 Train-Loss CORAL: 0.0283
04-11 08:59:22 Train-Acc Source Data: 1.0000
  0%|          | 0/3 [00:00<?, ?it/s]100%|##########| 3/3 [00:00<00:00, 159.51it/s]
04-11 08:59:22 Val-Acc Target Data: 0.8854
04-11 08:59:22 The best model epoch 24, val-acc 0.8854
04-11 08:59:22 -----Epoch 25/30-----
04-11 08:59:22 current lr: [0.0004]
  0%|          | 0/7 [00:00<?, ?it/s] 57%|#####7    | 4/7 [00:00<00:00, 39.53it/s]100%|##########| 7/7 [00:00<00:00, 37.87it/s]
04-11 08:59:22 Train-Loss Source Classifier: 0.0005
04-11 08:59:22 Train-Loss CORAL: 0.0293
04-11 08:59:22 Train-Acc Source Data: 1.0000
  0%|          | 0/3 [00:00<?, ?it/s]100%|##########| 3/3 [00:00<00:00, 159.21it/s]
04-11 08:59:22 Val-Acc Target Data: 0.8854
04-11 08:59:22 The best model epoch 25, val-acc 0.8854
04-11 08:59:22 -----Epoch 26/30-----
04-11 08:59:22 current lr: [0.0004]
  0%|          | 0/7 [00:00<?, ?it/s] 57%|#####7    | 4/7 [00:00<00:00, 39.63it/s]100%|##########| 7/7 [00:00<00:00, 37.86it/s]
04-11 08:59:22 Train-Loss Source Classifier: 0.0005
04-11 08:59:22 Train-Loss CORAL: 0.0323
04-11 08:59:22 Train-Acc Source Data: 1.0000
  0%|          | 0/3 [00:00<?, ?it/s]100%|##########| 3/3 [00:00<00:00, 153.58it/s]
04-11 08:59:22 Val-Acc Target Data: 0.8854
04-11 08:59:22 The best model epoch 26, val-acc 0.8854
04-11 08:59:22 -----Epoch 27/30-----
04-11 08:59:22 current lr: [0.0004]
  0%|          | 0/7 [00:00<?, ?it/s] 57%|#####7    | 4/7 [00:00<00:00, 37.95it/s]100%|##########| 7/7 [00:00<00:00, 37.02it/s]
04-11 08:59:22 Train-Loss Source Classifier: 0.0009
04-11 08:59:22 Train-Loss CORAL: 0.0330
04-11 08:59:22 Train-Acc Source Data: 1.0000
  0%|          | 0/3 [00:00<?, ?it/s]100%|##########| 3/3 [00:00<00:00, 138.90it/s]
04-11 08:59:22 Val-Acc Target Data: 0.8854
04-11 08:59:22 The best model epoch 27, val-acc 0.8854
04-11 08:59:22 -----Epoch 28/30-----
04-11 08:59:22 current lr: [0.0004]
  0%|          | 0/7 [00:00<?, ?it/s] 57%|#####7    | 4/7 [00:00<00:00, 37.84it/s]100%|##########| 7/7 [00:00<00:00, 37.27it/s]
04-11 08:59:23 Train-Loss Source Classifier: 0.0007
04-11 08:59:23 Train-Loss CORAL: 0.0352
04-11 08:59:23 Train-Acc Source Data: 1.0000
  0%|          | 0/3 [00:00<?, ?it/s]100%|##########| 3/3 [00:00<00:00, 156.37it/s]
04-11 08:59:23 Val-Acc Target Data: 0.8854
04-11 08:59:23 The best model epoch 28, val-acc 0.8854
04-11 08:59:23 -----Epoch 29/30-----
04-11 08:59:23 current lr: [0.0004]
  0%|          | 0/7 [00:00<?, ?it/s] 57%|#####7    | 4/7 [00:00<00:00, 37.68it/s]100%|##########| 7/7 [00:00<00:00, 37.21it/s]
04-11 08:59:23 Train-Loss Source Classifier: 0.0006
04-11 08:59:23 Train-Loss CORAL: 0.0300
04-11 08:59:23 Train-Acc Source Data: 1.0000
  0%|          | 0/3 [00:00<?, ?it/s]100%|##########| 3/3 [00:00<00:00, 124.06it/s]
04-11 08:59:23 Val-Acc Target Data: 0.8854
04-11 08:59:23 The best model epoch 29, val-acc 0.8854
04-11 08:59:23 -----Epoch 30/30-----
04-11 08:59:23 current lr: [0.0004]
  0%|          | 0/7 [00:00<?, ?it/s] 57%|#####7    | 4/7 [00:00<00:00, 38.38it/s]100%|##########| 7/7 [00:00<00:00, 38.20it/s]
04-11 08:59:23 Train-Loss Source Classifier: 0.0006
04-11 08:59:23 Train-Loss CORAL: 0.0302
04-11 08:59:23 Train-Acc Source Data: 1.0000
  0%|          | 0/3 [00:00<?, ?it/s]100%|##########| 3/3 [00:00<00:00, 154.05it/s]
04-11 08:59:23 Val-Acc Target Data: 0.8854
04-11 08:59:23 The best model epoch 30, val-acc 0.8854
