04-12 10:20:33 imba: True
04-12 10:20:33 model_name: ACDANN
04-12 10:20:33 Domain: CWRU
04-12 10:20:33 source: JNU_0
04-12 10:20:33 target: JNU_1
04-12 10:20:33 data_dir: ./datasets
04-12 10:20:33 train_mode: single_source
04-12 10:20:33 cuda_device: 0
04-12 10:20:33 save_dir: ./ckpt/ACDANN/single_source
04-12 10:20:33 max_epoch: 30
04-12 10:20:33 batch_size: 64
04-12 10:20:33 num_workers: 0
04-12 10:20:33 signal_size: 2048
04-12 10:20:33 random_state: 2
04-12 10:20:33 normlizetype: mean-std
04-12 10:20:33 opt: sgd
04-12 10:20:33 lr: 0.001
04-12 10:20:33 momentum: 0.9
04-12 10:20:33 betas: (0.9, 0.999)
04-12 10:20:33 weight_decay: 0.0005
04-12 10:20:33 lr_scheduler: stepLR
04-12 10:20:33 gamma: 0.2
04-12 10:20:33 steps: 10
04-12 10:20:33 tradeoff: ['exp', 'exp', 'exp']
04-12 10:20:33 dropout: 0.0
04-12 10:20:33 save: False
04-12 10:20:33 load_path: 
04-12 10:20:33 tsne: True
04-12 10:20:33 save_path: ./ckpt/ACDANN/single_source/[JNU_0]To[JNU_1]_0412-102033
04-12 10:20:33 Detect 4 classes: ['1normal', 'ball', 'inner', 'outer']
04-12 10:20:34 using 1 / 1 gpus
Training data length: 1461
Testing data length: 732
Source Data Distribution:
+--------------+---------+
| Label        |   Count |
|--------------+---------|
| 0            |     365 |
| 1            |     365 |
| 2            |     365 |
| 3            |     365 |
| Dataset Size |    1460 |
+--------------+---------+
04-12 10:20:44 Source set JNU_0 number of samples 1460.
Training data length: 1461
Testing data length: 732
Target Data Distribution:
+--------------+---------+-------+
|              |   train |   val |
|--------------+---------+-------|
| 0            |     243 |   122 |
| 1            |       2 |   122 |
| 2            |       2 |   122 |
| 3            |       2 |   122 |
| Dataset Size |     249 |   488 |
+--------------+---------+-------+
04-12 10:20:51 target training set number of samples 249.
04-12 10:20:51 target validation set number of samples 488.
04-12 10:20:51 -----Epoch 1/30-----
04-12 10:20:51 current lr: [0.001, 0.001]
  0%|          | 0/3 [00:00<?, ?it/s]100%|##########| 3/3 [00:00<00:00, 24.30it/s]100%|##########| 3/3 [00:00<00:00, 24.25it/s]
04-12 10:20:52 Train-Loss Source Classifier: 1.3874
04-12 10:20:52 Train-Loss Discriminator: 0.7135
04-12 10:20:52 Train-Acc Source Data: 0.1927
04-12 10:20:52 Train-Acc Discriminator: 0.5000
  0%|          | 0/8 [00:00<?, ?it/s]100%|##########| 8/8 [00:00<00:00, 165.51it/s]
04-12 10:20:52 Val-Acc Target Data: 0.3203
04-12 10:20:52 The best model epoch 1, val-acc 0.3203
  0%|          | 0/8 [00:00<?, ?it/s]100%|##########| 8/8 [00:00<00:00, 160.08it/s]
04-12 10:20:53 -----Epoch 2/30-----
04-12 10:20:53 current lr: [0.001, 0.001]
  0%|          | 0/3 [00:00<?, ?it/s]100%|##########| 3/3 [00:00<00:00, 37.57it/s]
04-12 10:20:53 Train-Loss Source Classifier: 1.3538
04-12 10:20:53 Train-Loss Discriminator: 0.7138
04-12 10:20:53 Train-Acc Source Data: 0.2188
04-12 10:20:53 Train-Acc Discriminator: 0.5000
  0%|          | 0/8 [00:00<?, ?it/s]100%|##########| 8/8 [00:00<00:00, 157.25it/s]
04-12 10:20:53 Val-Acc Target Data: 0.2617
04-12 10:20:53 The best model epoch 1, val-acc 0.3203
04-12 10:20:53 -----Epoch 3/30-----
04-12 10:20:53 current lr: [0.001, 0.001]
  0%|          | 0/3 [00:00<?, ?it/s]100%|##########| 3/3 [00:00<00:00, 37.41it/s]
04-12 10:20:53 Train-Loss Source Classifier: 1.2861
04-12 10:20:53 Train-Loss Discriminator: 0.7110
04-12 10:20:53 Train-Acc Source Data: 0.3229
04-12 10:20:53 Train-Acc Discriminator: 0.5000
  0%|          | 0/8 [00:00<?, ?it/s]100%|##########| 8/8 [00:00<00:00, 168.49it/s]
04-12 10:20:53 Val-Acc Target Data: 0.3477
04-12 10:20:53 The best model epoch 3, val-acc 0.3477
04-12 10:20:53 -----Epoch 4/30-----
04-12 10:20:53 current lr: [0.001, 0.001]
  0%|          | 0/3 [00:00<?, ?it/s]100%|##########| 3/3 [00:00<00:00, 38.48it/s]
04-12 10:20:53 Train-Loss Source Classifier: 1.2556
04-12 10:20:53 Train-Loss Discriminator: 0.7047
04-12 10:20:53 Train-Acc Source Data: 0.3646
04-12 10:20:53 Train-Acc Discriminator: 0.5000
  0%|          | 0/8 [00:00<?, ?it/s]100%|##########| 8/8 [00:00<00:00, 168.69it/s]
04-12 10:20:53 Val-Acc Target Data: 0.5324
04-12 10:20:53 The best model epoch 4, val-acc 0.5324
04-12 10:20:53 -----Epoch 5/30-----
04-12 10:20:53 current lr: [0.001, 0.001]
  0%|          | 0/3 [00:00<?, ?it/s]100%|##########| 3/3 [00:00<00:00, 36.33it/s]
04-12 10:20:53 Train-Loss Source Classifier: 1.2393
04-12 10:20:53 Train-Loss Discriminator: 0.7001
04-12 10:20:53 Train-Acc Source Data: 0.3750
04-12 10:20:53 Train-Acc Discriminator: 0.5000
  0%|          | 0/8 [00:00<?, ?it/s]100%|##########| 8/8 [00:00<00:00, 159.88it/s]
04-12 10:20:53 Val-Acc Target Data: 0.5582
04-12 10:20:53 The best model epoch 5, val-acc 0.5582
  0%|          | 0/8 [00:00<?, ?it/s]100%|##########| 8/8 [00:00<00:00, 167.82it/s]
04-12 10:20:54 -----Epoch 6/30-----
04-12 10:20:54 current lr: [0.001, 0.001]
  0%|          | 0/3 [00:00<?, ?it/s]100%|##########| 3/3 [00:00<00:00, 37.80it/s]
04-12 10:20:55 Train-Loss Source Classifier: 1.1921
04-12 10:20:55 Train-Loss Discriminator: 0.6858
04-12 10:20:55 Train-Acc Source Data: 0.4948
04-12 10:20:55 Train-Acc Discriminator: 0.5547
  0%|          | 0/8 [00:00<?, ?it/s]100%|##########| 8/8 [00:00<00:00, 160.82it/s]
04-12 10:20:55 Val-Acc Target Data: 0.5758
04-12 10:20:55 The best model epoch 6, val-acc 0.5758
04-12 10:20:55 -----Epoch 7/30-----
04-12 10:20:55 current lr: [0.001, 0.001]
  0%|          | 0/3 [00:00<?, ?it/s]100%|##########| 3/3 [00:00<00:00, 36.49it/s]
04-12 10:20:55 Train-Loss Source Classifier: 1.1133
04-12 10:20:55 Train-Loss Discriminator: 0.6701
04-12 10:20:55 Train-Acc Source Data: 0.5208
04-12 10:20:55 Train-Acc Discriminator: 0.7344
  0%|          | 0/8 [00:00<?, ?it/s]100%|##########| 8/8 [00:00<00:00, 154.08it/s]
04-12 10:20:55 Val-Acc Target Data: 0.5891
04-12 10:20:55 The best model epoch 7, val-acc 0.5891
04-12 10:20:55 -----Epoch 8/30-----
04-12 10:20:55 current lr: [0.001, 0.001]
  0%|          | 0/3 [00:00<?, ?it/s]100%|##########| 3/3 [00:00<00:00, 36.13it/s]
04-12 10:20:55 Train-Loss Source Classifier: 1.1304
04-12 10:20:55 Train-Loss Discriminator: 0.6564
04-12 10:20:55 Train-Acc Source Data: 0.5000
04-12 10:20:55 Train-Acc Discriminator: 0.7396
  0%|          | 0/8 [00:00<?, ?it/s]100%|##########| 8/8 [00:00<00:00, 162.43it/s]
04-12 10:20:55 Val-Acc Target Data: 0.6148
04-12 10:20:55 The best model epoch 8, val-acc 0.6148
04-12 10:20:55 -----Epoch 9/30-----
04-12 10:20:55 current lr: [0.001, 0.001]
  0%|          | 0/3 [00:00<?, ?it/s]100%|##########| 3/3 [00:00<00:00, 36.63it/s]
04-12 10:20:55 Train-Loss Source Classifier: 1.1048
04-12 10:20:55 Train-Loss Discriminator: 0.6433
04-12 10:20:55 Train-Acc Source Data: 0.5156
04-12 10:20:55 Train-Acc Discriminator: 0.7474
  0%|          | 0/8 [00:00<?, ?it/s]100%|##########| 8/8 [00:00<00:00, 161.40it/s]
04-12 10:20:55 Val-Acc Target Data: 0.6484
04-12 10:20:55 The best model epoch 9, val-acc 0.6484
04-12 10:20:55 -----Epoch 10/30-----
04-12 10:20:55 current lr: [0.001, 0.001]
  0%|          | 0/3 [00:00<?, ?it/s]100%|##########| 3/3 [00:00<00:00, 35.26it/s]
04-12 10:20:55 Train-Loss Source Classifier: 0.9994
04-12 10:20:55 Train-Loss Discriminator: 0.6240
04-12 10:20:55 Train-Acc Source Data: 0.6094
04-12 10:20:55 Train-Acc Discriminator: 0.7422
  0%|          | 0/8 [00:00<?, ?it/s]100%|##########| 8/8 [00:00<00:00, 162.94it/s]
04-12 10:20:55 Val-Acc Target Data: 0.6137
04-12 10:20:55 The best model epoch 9, val-acc 0.6484
  0%|          | 0/8 [00:00<?, ?it/s]100%|##########| 8/8 [00:00<00:00, 160.23it/s]
04-12 10:20:56 -----Epoch 11/30-----
04-12 10:20:56 current lr: [0.0002, 0.0002]
  0%|          | 0/3 [00:00<?, ?it/s]100%|##########| 3/3 [00:00<00:00, 36.66it/s]
04-12 10:20:56 Train-Loss Source Classifier: 0.9917
04-12 10:20:56 Train-Loss Discriminator: 0.5952
04-12 10:20:56 Train-Acc Source Data: 0.5417
04-12 10:20:56 Train-Acc Discriminator: 0.7682
  0%|          | 0/8 [00:00<?, ?it/s]100%|##########| 8/8 [00:00<00:00, 157.87it/s]
04-12 10:20:56 Val-Acc Target Data: 0.5883
04-12 10:20:56 The best model epoch 9, val-acc 0.6484
04-12 10:20:56 -----Epoch 12/30-----
04-12 10:20:56 current lr: [0.0002, 0.0002]
  0%|          | 0/3 [00:00<?, ?it/s]100%|##########| 3/3 [00:00<00:00, 37.37it/s]
04-12 10:20:56 Train-Loss Source Classifier: 0.9846
04-12 10:20:56 Train-Loss Discriminator: 0.5989
04-12 10:20:56 Train-Acc Source Data: 0.5990
04-12 10:20:56 Train-Acc Discriminator: 0.7396
  0%|          | 0/8 [00:00<?, ?it/s]100%|##########| 8/8 [00:00<00:00, 163.11it/s]
04-12 10:20:57 Val-Acc Target Data: 0.5961
04-12 10:20:57 The best model epoch 9, val-acc 0.6484
04-12 10:20:57 -----Epoch 13/30-----
04-12 10:20:57 current lr: [0.0002, 0.0002]
  0%|          | 0/3 [00:00<?, ?it/s]100%|##########| 3/3 [00:00<00:00, 39.45it/s]
04-12 10:20:57 Train-Loss Source Classifier: 0.9795
04-12 10:20:57 Train-Loss Discriminator: 0.5821
04-12 10:20:57 Train-Acc Source Data: 0.6198
04-12 10:20:57 Train-Acc Discriminator: 0.8125
  0%|          | 0/8 [00:00<?, ?it/s]100%|##########| 8/8 [00:00<00:00, 163.99it/s]
04-12 10:20:57 Val-Acc Target Data: 0.6027
04-12 10:20:57 The best model epoch 9, val-acc 0.6484
04-12 10:20:57 -----Epoch 14/30-----
04-12 10:20:57 current lr: [0.0002, 0.0002]
  0%|          | 0/3 [00:00<?, ?it/s]100%|##########| 3/3 [00:00<00:00, 37.62it/s]
04-12 10:20:57 Train-Loss Source Classifier: 0.9623
04-12 10:20:57 Train-Loss Discriminator: 0.5765
04-12 10:20:57 Train-Acc Source Data: 0.6406
04-12 10:20:57 Train-Acc Discriminator: 0.8047
  0%|          | 0/8 [00:00<?, ?it/s]100%|##########| 8/8 [00:00<00:00, 165.21it/s]
04-12 10:20:57 Val-Acc Target Data: 0.6035
04-12 10:20:57 The best model epoch 9, val-acc 0.6484
04-12 10:20:57 -----Epoch 15/30-----
04-12 10:20:57 current lr: [0.0002, 0.0002]
  0%|          | 0/3 [00:00<?, ?it/s]100%|##########| 3/3 [00:00<00:00, 37.24it/s]
04-12 10:20:57 Train-Loss Source Classifier: 0.9860
04-12 10:20:57 Train-Loss Discriminator: 0.5852
04-12 10:20:57 Train-Acc Source Data: 0.5781
04-12 10:20:57 Train-Acc Discriminator: 0.7292
  0%|          | 0/8 [00:00<?, ?it/s]100%|##########| 8/8 [00:00<00:00, 164.45it/s]
04-12 10:20:57 Val-Acc Target Data: 0.6289
04-12 10:20:57 The best model epoch 9, val-acc 0.6484
  0%|          | 0/8 [00:00<?, ?it/s]100%|##########| 8/8 [00:00<00:00, 161.69it/s]
04-12 10:20:58 -----Epoch 16/30-----
04-12 10:20:58 current lr: [0.0002, 0.0002]
  0%|          | 0/3 [00:00<?, ?it/s]100%|##########| 3/3 [00:00<00:00, 39.21it/s]
04-12 10:20:58 Train-Loss Source Classifier: 0.9152
04-12 10:20:58 Train-Loss Discriminator: 0.5574
04-12 10:20:58 Train-Acc Source Data: 0.6927
04-12 10:20:58 Train-Acc Discriminator: 0.7812
  0%|          | 0/8 [00:00<?, ?it/s]100%|##########| 8/8 [00:00<00:00, 162.04it/s]
04-12 10:20:58 Val-Acc Target Data: 0.6547
04-12 10:20:58 The best model epoch 16, val-acc 0.6547
04-12 10:20:58 -----Epoch 17/30-----
04-12 10:20:58 current lr: [0.0002, 0.0002]
  0%|          | 0/3 [00:00<?, ?it/s]100%|##########| 3/3 [00:00<00:00, 39.31it/s]
04-12 10:20:58 Train-Loss Source Classifier: 0.9763
04-12 10:20:58 Train-Loss Discriminator: 0.5647
04-12 10:20:58 Train-Acc Source Data: 0.5885
04-12 10:20:58 Train-Acc Discriminator: 0.7995
  0%|          | 0/8 [00:00<?, ?it/s]100%|##########| 8/8 [00:00<00:00, 163.68it/s]
04-12 10:20:58 Val-Acc Target Data: 0.6605
04-12 10:20:58 The best model epoch 17, val-acc 0.6605
04-12 10:20:58 -----Epoch 18/30-----
04-12 10:20:58 current lr: [0.0002, 0.0002]
  0%|          | 0/3 [00:00<?, ?it/s]100%|##########| 3/3 [00:00<00:00, 38.99it/s]
04-12 10:20:58 Train-Loss Source Classifier: 0.9923
04-12 10:20:58 Train-Loss Discriminator: 0.5805
04-12 10:20:58 Train-Acc Source Data: 0.5365
04-12 10:20:58 Train-Acc Discriminator: 0.7396
  0%|          | 0/8 [00:00<?, ?it/s]100%|##########| 8/8 [00:00<00:00, 162.44it/s]
04-12 10:20:58 Val-Acc Target Data: 0.6727
04-12 10:20:58 The best model epoch 18, val-acc 0.6727
04-12 10:20:58 -----Epoch 19/30-----
04-12 10:20:58 current lr: [0.0002, 0.0002]
  0%|          | 0/3 [00:00<?, ?it/s]100%|##########| 3/3 [00:00<00:00, 38.97it/s]
04-12 10:20:59 Train-Loss Source Classifier: 0.9409
04-12 10:20:59 Train-Loss Discriminator: 0.5657
04-12 10:20:59 Train-Acc Source Data: 0.6667
04-12 10:20:59 Train-Acc Discriminator: 0.7630
  0%|          | 0/8 [00:00<?, ?it/s]100%|##########| 8/8 [00:00<00:00, 162.39it/s]
04-12 10:20:59 Val-Acc Target Data: 0.6793
04-12 10:20:59 The best model epoch 19, val-acc 0.6793
04-12 10:20:59 -----Epoch 20/30-----
04-12 10:20:59 current lr: [0.0002, 0.0002]
  0%|          | 0/3 [00:00<?, ?it/s]100%|##########| 3/3 [00:00<00:00, 39.43it/s]
04-12 10:20:59 Train-Loss Source Classifier: 0.9515
04-12 10:20:59 Train-Loss Discriminator: 0.5508
04-12 10:20:59 Train-Acc Source Data: 0.5938
04-12 10:20:59 Train-Acc Discriminator: 0.7630
  0%|          | 0/8 [00:00<?, ?it/s]100%|##########| 8/8 [00:00<00:00, 163.09it/s]
04-12 10:20:59 Val-Acc Target Data: 0.7066
04-12 10:20:59 The best model epoch 20, val-acc 0.7066
  0%|          | 0/8 [00:00<?, ?it/s]100%|##########| 8/8 [00:00<00:00, 161.93it/s]
04-12 10:21:00 -----Epoch 21/30-----
04-12 10:21:00 current lr: [4e-05, 4e-05]
  0%|          | 0/3 [00:00<?, ?it/s]100%|##########| 3/3 [00:00<00:00, 37.23it/s]
04-12 10:21:00 Train-Loss Source Classifier: 0.9400
04-12 10:21:00 Train-Loss Discriminator: 0.5696
04-12 10:21:00 Train-Acc Source Data: 0.6198
04-12 10:21:00 Train-Acc Discriminator: 0.7344
  0%|          | 0/8 [00:00<?, ?it/s]100%|##########| 8/8 [00:00<00:00, 164.20it/s]
04-12 10:21:00 Val-Acc Target Data: 0.6969
04-12 10:21:00 The best model epoch 20, val-acc 0.7066
04-12 10:21:00 -----Epoch 22/30-----
04-12 10:21:00 current lr: [4e-05, 4e-05]
  0%|          | 0/3 [00:00<?, ?it/s]100%|##########| 3/3 [00:00<00:00, 36.42it/s]
04-12 10:21:00 Train-Loss Source Classifier: 0.9274
04-12 10:21:00 Train-Loss Discriminator: 0.5660
04-12 10:21:00 Train-Acc Source Data: 0.6823
04-12 10:21:00 Train-Acc Discriminator: 0.7474
  0%|          | 0/8 [00:00<?, ?it/s]100%|##########| 8/8 [00:00<00:00, 162.30it/s]
04-12 10:21:00 Val-Acc Target Data: 0.7008
04-12 10:21:00 The best model epoch 20, val-acc 0.7066
04-12 10:21:00 -----Epoch 23/30-----
04-12 10:21:00 current lr: [4e-05, 4e-05]
  0%|          | 0/3 [00:00<?, ?it/s]100%|##########| 3/3 [00:00<00:00, 35.46it/s]
04-12 10:21:00 Train-Loss Source Classifier: 0.9100
04-12 10:21:00 Train-Loss Discriminator: 0.5443
04-12 10:21:00 Train-Acc Source Data: 0.6667
04-12 10:21:00 Train-Acc Discriminator: 0.8151
  0%|          | 0/8 [00:00<?, ?it/s]100%|##########| 8/8 [00:00<00:00, 159.36it/s]
04-12 10:21:00 Val-Acc Target Data: 0.7027
04-12 10:21:00 The best model epoch 20, val-acc 0.7066
04-12 10:21:00 -----Epoch 24/30-----
04-12 10:21:00 current lr: [4e-05, 4e-05]
  0%|          | 0/3 [00:00<?, ?it/s]100%|##########| 3/3 [00:00<00:00, 37.56it/s]
04-12 10:21:00 Train-Loss Source Classifier: 0.9335
04-12 10:21:00 Train-Loss Discriminator: 0.5331
04-12 10:21:00 Train-Acc Source Data: 0.6042
04-12 10:21:00 Train-Acc Discriminator: 0.7786
  0%|          | 0/8 [00:00<?, ?it/s]100%|##########| 8/8 [00:00<00:00, 160.23it/s]
04-12 10:21:00 Val-Acc Target Data: 0.7031
04-12 10:21:00 The best model epoch 20, val-acc 0.7066
04-12 10:21:00 -----Epoch 25/30-----
04-12 10:21:00 current lr: [4e-05, 4e-05]
  0%|          | 0/3 [00:00<?, ?it/s]100%|##########| 3/3 [00:00<00:00, 37.40it/s]
04-12 10:21:01 Train-Loss Source Classifier: 0.9151
04-12 10:21:01 Train-Loss Discriminator: 0.5546
04-12 10:21:01 Train-Acc Source Data: 0.6510
04-12 10:21:01 Train-Acc Discriminator: 0.7656
  0%|          | 0/8 [00:00<?, ?it/s]100%|##########| 8/8 [00:00<00:00, 165.45it/s]
04-12 10:21:01 Val-Acc Target Data: 0.6934
04-12 10:21:01 The best model epoch 20, val-acc 0.7066
  0%|          | 0/8 [00:00<?, ?it/s]100%|##########| 8/8 [00:00<00:00, 163.92it/s]
04-12 10:21:02 -----Epoch 26/30-----
04-12 10:21:02 current lr: [4e-05, 4e-05]
  0%|          | 0/3 [00:00<?, ?it/s]100%|##########| 3/3 [00:00<00:00, 34.75it/s]
04-12 10:21:02 Train-Loss Source Classifier: 0.9241
04-12 10:21:02 Train-Loss Discriminator: 0.5530
04-12 10:21:02 Train-Acc Source Data: 0.6406
04-12 10:21:02 Train-Acc Discriminator: 0.7682
  0%|          | 0/8 [00:00<?, ?it/s]100%|##########| 8/8 [00:00<00:00, 167.48it/s]
04-12 10:21:02 Val-Acc Target Data: 0.6824
04-12 10:21:02 The best model epoch 20, val-acc 0.7066
04-12 10:21:02 -----Epoch 27/30-----
04-12 10:21:02 current lr: [4e-05, 4e-05]
  0%|          | 0/3 [00:00<?, ?it/s]100%|##########| 3/3 [00:00<00:00, 36.24it/s]
04-12 10:21:02 Train-Loss Source Classifier: 0.9313
04-12 10:21:02 Train-Loss Discriminator: 0.5521
04-12 10:21:02 Train-Acc Source Data: 0.6198
04-12 10:21:02 Train-Acc Discriminator: 0.7734
  0%|          | 0/8 [00:00<?, ?it/s]100%|##########| 8/8 [00:00<00:00, 157.45it/s]
04-12 10:21:02 Val-Acc Target Data: 0.6824
04-12 10:21:02 The best model epoch 20, val-acc 0.7066
04-12 10:21:02 -----Epoch 28/30-----
04-12 10:21:02 current lr: [4e-05, 4e-05]
  0%|          | 0/3 [00:00<?, ?it/s]100%|##########| 3/3 [00:00<00:00, 36.76it/s]
04-12 10:21:02 Train-Loss Source Classifier: 0.9804
04-12 10:21:02 Train-Loss Discriminator: 0.5991
04-12 10:21:02 Train-Acc Source Data: 0.5521
04-12 10:21:02 Train-Acc Discriminator: 0.6797
  0%|          | 0/8 [00:00<?, ?it/s]100%|##########| 8/8 [00:00<00:00, 168.07it/s]
04-12 10:21:02 Val-Acc Target Data: 0.6773
04-12 10:21:02 The best model epoch 20, val-acc 0.7066
04-12 10:21:02 -----Epoch 29/30-----
04-12 10:21:02 current lr: [4e-05, 4e-05]
  0%|          | 0/3 [00:00<?, ?it/s]100%|##########| 3/3 [00:00<00:00, 36.43it/s]
04-12 10:21:02 Train-Loss Source Classifier: 0.9570
04-12 10:21:02 Train-Loss Discriminator: 0.5545
04-12 10:21:02 Train-Acc Source Data: 0.6927
04-12 10:21:02 Train-Acc Discriminator: 0.7500
  0%|          | 0/8 [00:00<?, ?it/s]100%|##########| 8/8 [00:00<00:00, 167.87it/s]
04-12 10:21:02 Val-Acc Target Data: 0.6754
04-12 10:21:02 The best model epoch 20, val-acc 0.7066
04-12 10:21:02 -----Epoch 30/30-----
04-12 10:21:02 current lr: [4e-05, 4e-05]
  0%|          | 0/3 [00:00<?, ?it/s]100%|##########| 3/3 [00:00<00:00, 39.10it/s]
04-12 10:21:02 Train-Loss Source Classifier: 0.8984
04-12 10:21:02 Train-Loss Discriminator: 0.5384
04-12 10:21:02 Train-Acc Source Data: 0.6615
04-12 10:21:02 Train-Acc Discriminator: 0.7656
  0%|          | 0/8 [00:00<?, ?it/s]100%|##########| 8/8 [00:00<00:00, 167.90it/s]
04-12 10:21:02 Val-Acc Target Data: 0.6813
04-12 10:21:02 The best model epoch 20, val-acc 0.7066
  0%|          | 0/8 [00:00<?, ?it/s]100%|##########| 8/8 [00:00<00:00, 166.13it/s]
