04-12 13:36:33 imba: True
04-12 13:36:33 model_name: ACDANN
04-12 13:36:33 Domain: CWRU
04-12 13:36:33 source: CWRU_0
04-12 13:36:33 target: CWRU_1
04-12 13:36:33 data_dir: ./datasets
04-12 13:36:33 train_mode: single_source
04-12 13:36:33 cuda_device: 0
04-12 13:36:33 save_dir: ./ckpt/ACDANN/single_source
04-12 13:36:33 max_epoch: 100
04-12 13:36:33 batch_size: 128
04-12 13:36:33 num_workers: 0
04-12 13:36:33 signal_size: 2048
04-12 13:36:33 random_state: 2024
04-12 13:36:33 normlizetype: mean-std
04-12 13:36:33 opt: sgd
04-12 13:36:33 lr: 0.001
04-12 13:36:33 momentum: 0.9
04-12 13:36:33 betas: (0.9, 0.999)
04-12 13:36:33 weight_decay: 0.0005
04-12 13:36:33 lr_scheduler: stepLR
04-12 13:36:33 gamma: 0.2
04-12 13:36:33 steps: 10
04-12 13:36:33 tradeoff: ['exp', 'exp', 'exp']
04-12 13:36:33 dropout: 0.0
04-12 13:36:33 save: False
04-12 13:36:33 load_path: 
04-12 13:36:33 tsne: False
04-12 13:36:33 save_path: ./ckpt/ACDANN/single_source/[CWRU_0]To[CWRU_1]_0412-133633
04-12 13:36:33 Detect 4 classes: ['1normal', 'ball', 'inner', 'outer']
04-12 13:36:33 using 1 / 1 gpus
Training data length: 759
Testing data length: 380
Source Data Distribution:
+--------------+---------+
| Label        |   Count |
|--------------+---------|
| 0            |     261 |
| 1            |     261 |
| 2            |     261 |
| 3            |     261 |
| Dataset Size |    1044 |
+--------------+---------+
04-12 13:36:36 Source set CWRU_0 number of samples 1044.
Training data length: 757
Testing data length: 379
04-12 13:36:36 target training set number of samples 177.
Target Data Distribution:
04-12 13:36:36 target validation set number of samples 348.
+--------------+---------+-------+
|              |   train |   val |
|--------------+---------+-------|
| 0            |     174 |    87 |
| 1            |       1 |    87 |
| 2            |       1 |    87 |
| 3            |       1 |    87 |
| Dataset Size |     177 |   348 |
+--------------+---------+-------+
04-12 13:36:36 -----Epoch 1/100-----
04-12 13:36:36 current lr: [0.001, 0.001]
  0%|          | 0/1 [00:00<?, ?it/s]0.0
100%|##########| 1/1 [00:00<00:00, 13.59it/s]
04-12 13:36:36 Train-Loss Source Classifier: 1.4077
04-12 13:36:36 Train-Loss Discriminator: 0.6906
04-12 13:36:36 Train-Acc Source Data: 0.2109
04-12 13:36:36 Train-Acc Discriminator: 0.5547
  0%|          | 0/2 [00:00<?, ?it/s]100%|##########| 2/2 [00:00<00:00, 89.29it/s]
04-12 13:36:36 Val-Acc Target Data: 0.3203
04-12 13:36:36 The best model epoch 1, val-acc 0.3203
04-12 13:36:36 -----Epoch 2/100-----
04-12 13:36:36 current lr: [0.001, 0.001]
  0%|          | 0/1 [00:00<?, ?it/s]0.05046215218417749
100%|##########| 1/1 [00:00<00:00, 26.43it/s]
04-12 13:36:36 Train-Loss Source Classifier: 1.3837
04-12 13:36:36 Train-Loss Discriminator: 0.6903
04-12 13:36:36 Train-Acc Source Data: 0.3047
04-12 13:36:36 Train-Acc Discriminator: 0.5039
  0%|          | 0/2 [00:00<?, ?it/s]100%|##########| 2/2 [00:00<00:00, 94.68it/s]
04-12 13:36:36 Val-Acc Target Data: 0.3203
04-12 13:36:36 The best model epoch 2, val-acc 0.3203
04-12 13:36:36 -----Epoch 3/100-----
04-12 13:36:36 current lr: [0.001, 0.001]
  0%|          | 0/1 [00:00<?, ?it/s]0.10066796057400396
100%|##########| 1/1 [00:00<00:00, 27.52it/s]
04-12 13:36:36 Train-Loss Source Classifier: 1.4026
04-12 13:36:36 Train-Loss Discriminator: 0.6896
04-12 13:36:36 Train-Acc Source Data: 0.1953
04-12 13:36:36 Train-Acc Discriminator: 0.5664
  0%|          | 0/2 [00:00<?, ?it/s]100%|##########| 2/2 [00:00<00:00, 111.02it/s]
04-12 13:36:36 Val-Acc Target Data: 0.3203
04-12 13:36:36 The best model epoch 3, val-acc 0.3203
04-12 13:36:36 -----Epoch 4/100-----
04-12 13:36:36 current lr: [0.001, 0.001]
  0%|          | 0/1 [00:00<?, ?it/s]0.15036626387430485
100%|##########| 1/1 [00:00<00:00, 26.89it/s]
04-12 13:36:37 Train-Loss Source Classifier: 1.3710
04-12 13:36:37 Train-Loss Discriminator: 0.6891
04-12 13:36:37 Train-Acc Source Data: 0.2812
04-12 13:36:37 Train-Acc Discriminator: 0.5312
  0%|          | 0/2 [00:00<?, ?it/s]100%|##########| 2/2 [00:00<00:00, 95.98it/s]
04-12 13:36:37 Val-Acc Target Data: 0.3203
04-12 13:36:37 The best model epoch 4, val-acc 0.3203
04-12 13:36:37 -----Epoch 5/100-----
04-12 13:36:37 current lr: [0.001, 0.001]
  0%|          | 0/1 [00:00<?, ?it/s]0.19931604471977793
100%|##########| 1/1 [00:00<00:00, 27.64it/s]
04-12 13:36:37 Train-Loss Source Classifier: 1.3598
04-12 13:36:37 Train-Loss Discriminator: 0.6870
04-12 13:36:37 Train-Acc Source Data: 0.2578
04-12 13:36:37 Train-Acc Discriminator: 0.5742
  0%|          | 0/2 [00:00<?, ?it/s]100%|##########| 2/2 [00:00<00:00, 112.92it/s]
04-12 13:36:37 Val-Acc Target Data: 0.3203
04-12 13:36:37 The best model epoch 5, val-acc 0.3203
04-12 13:36:37 -----Epoch 6/100-----
04-12 13:36:37 current lr: [0.001, 0.001]
  0%|          | 0/1 [00:00<?, ?it/s]0.24729096500658598
100%|##########| 1/1 [00:00<00:00, 26.72it/s]
04-12 13:36:37 Train-Loss Source Classifier: 1.3586
04-12 13:36:37 Train-Loss Discriminator: 0.6856
04-12 13:36:37 Train-Acc Source Data: 0.2031
04-12 13:36:37 Train-Acc Discriminator: 0.5469
  0%|          | 0/2 [00:00<?, ?it/s]100%|##########| 2/2 [00:00<00:00, 112.34it/s]
04-12 13:36:37 Val-Acc Target Data: 0.3203
04-12 13:36:37 The best model epoch 6, val-acc 0.3203
04-12 13:36:37 -----Epoch 7/100-----
04-12 13:36:37 current lr: [0.001, 0.001]
  0%|          | 0/1 [00:00<?, ?it/s]0.29408330041160835
100%|##########| 1/1 [00:00<00:00, 26.65it/s]
04-12 13:36:37 Train-Loss Source Classifier: 1.3276
04-12 13:36:37 Train-Loss Discriminator: 0.6856
04-12 13:36:37 Train-Acc Source Data: 0.3125
04-12 13:36:37 Train-Acc Discriminator: 0.5508
  0%|          | 0/2 [00:00<?, ?it/s]100%|##########| 2/2 [00:00<00:00, 112.58it/s]
04-12 13:36:37 Val-Acc Target Data: 0.3203
04-12 13:36:37 The best model epoch 7, val-acc 0.3203
04-12 13:36:37 -----Epoch 8/100-----
04-12 13:36:37 current lr: [0.001, 0.001]
  0%|          | 0/1 [00:00<?, ?it/s]0.339507140736377
100%|##########| 1/1 [00:00<00:00, 28.05it/s]
04-12 13:36:37 Train-Loss Source Classifier: 1.2833
04-12 13:36:37 Train-Loss Discriminator: 0.6845
04-12 13:36:37 Train-Acc Source Data: 0.3984
04-12 13:36:37 Train-Acc Discriminator: 0.5508
  0%|          | 0/2 [00:00<?, ?it/s]100%|##########| 2/2 [00:00<00:00, 112.79it/s]
04-12 13:36:37 Val-Acc Target Data: 0.3164
04-12 13:36:37 The best model epoch 7, val-acc 0.3203
04-12 13:36:37 -----Epoch 9/100-----
04-12 13:36:37 current lr: [0.001, 0.001]
  0%|          | 0/1 [00:00<?, ?it/s]0.3834007708455036
100%|##########| 1/1 [00:00<00:00, 28.49it/s]
04-12 13:36:37 Train-Loss Source Classifier: 1.2975
04-12 13:36:37 Train-Loss Discriminator: 0.6822
04-12 13:36:37 Train-Acc Source Data: 0.2500
04-12 13:36:37 Train-Acc Discriminator: 0.5391
  0%|          | 0/2 [00:00<?, ?it/s]100%|##########| 2/2 [00:00<00:00, 111.58it/s]
04-12 13:36:37 Val-Acc Target Data: 0.2969
04-12 13:36:37 The best model epoch 7, val-acc 0.3203
04-12 13:36:37 -----Epoch 10/100-----
04-12 13:36:37 current lr: [0.001, 0.001]
  0%|          | 0/1 [00:00<?, ?it/s]0.4256281972349947
100%|##########| 1/1 [00:00<00:00, 31.97it/s]
04-12 13:36:37 Train-Loss Source Classifier: 1.2471
04-12 13:36:37 Train-Loss Discriminator: 0.6797
04-12 13:36:37 Train-Acc Source Data: 0.3516
04-12 13:36:37 Train-Acc Discriminator: 0.5273
  0%|          | 0/2 [00:00<?, ?it/s]100%|##########| 2/2 [00:00<00:00, 88.27it/s]
04-12 13:36:37 Val-Acc Target Data: 0.2227
04-12 13:36:37 The best model epoch 7, val-acc 0.3203
04-12 13:36:37 -----Epoch 11/100-----
04-12 13:36:37 current lr: [0.0002, 0.0002]
  0%|          | 0/1 [00:00<?, ?it/s]0.4660798332259344
100%|##########| 1/1 [00:00<00:00, 27.49it/s]
04-12 13:36:37 Train-Loss Source Classifier: 1.2347
04-12 13:36:37 Train-Loss Discriminator: 0.6770
04-12 13:36:37 Train-Acc Source Data: 0.3047
04-12 13:36:37 Train-Acc Discriminator: 0.5117
  0%|          | 0/2 [00:00<?, ?it/s]100%|##########| 2/2 [00:00<00:00, 112.29it/s]
04-12 13:36:37 Val-Acc Target Data: 0.1641
04-12 13:36:37 The best model epoch 7, val-acc 0.3203
04-12 13:36:37 -----Epoch 12/100-----
04-12 13:36:37 current lr: [0.0002, 0.0002]
  0%|          | 0/1 [00:00<?, ?it/s]0.5046723977218568
100%|##########| 1/1 [00:00<00:00, 27.27it/s]
04-12 13:36:37 Train-Loss Source Classifier: 1.2759
04-12 13:36:37 Train-Loss Discriminator: 0.6738
04-12 13:36:37 Train-Acc Source Data: 0.2109
04-12 13:36:37 Train-Acc Discriminator: 0.5156
  0%|          | 0/2 [00:00<?, ?it/s]100%|##########| 2/2 [00:00<00:00, 113.30it/s]
04-12 13:36:37 Val-Acc Target Data: 0.1133
04-12 13:36:37 The best model epoch 7, val-acc 0.3203
04-12 13:36:37 -----Epoch 13/100-----
04-12 13:36:37 current lr: [0.0002, 0.0002]
  0%|          | 0/1 [00:00<?, ?it/s]0.5413481157551436
100%|##########| 1/1 [00:00<00:00, 27.94it/s]
04-12 13:36:37 Train-Loss Source Classifier: 1.2500
04-12 13:36:37 Train-Loss Discriminator: 0.6770
04-12 13:36:37 Train-Acc Source Data: 0.2812
04-12 13:36:37 Train-Acc Discriminator: 0.5039
  0%|          | 0/2 [00:00<?, ?it/s]100%|##########| 2/2 [00:00<00:00, 113.38it/s]
04-12 13:36:37 Val-Acc Target Data: 0.1094
04-12 13:36:37 The best model epoch 7, val-acc 0.3203
04-12 13:36:37 -----Epoch 14/100-----
04-12 13:36:37 current lr: [0.0002, 0.0002]
  0%|          | 0/1 [00:00<?, ?it/s]0.5760733322615257
100%|##########| 1/1 [00:00<00:00, 28.37it/s]
04-12 13:36:37 Train-Loss Source Classifier: 1.2447
04-12 13:36:37 Train-Loss Discriminator: 0.6749
04-12 13:36:37 Train-Acc Source Data: 0.3047
04-12 13:36:37 Train-Acc Discriminator: 0.5039
  0%|          | 0/2 [00:00<?, ?it/s]100%|##########| 2/2 [00:00<00:00, 94.45it/s]
04-12 13:36:37 Val-Acc Target Data: 0.1172
04-12 13:36:37 The best model epoch 7, val-acc 0.3203
04-12 13:36:37 -----Epoch 15/100-----
04-12 13:36:37 current lr: [0.0002, 0.0002]
  0%|          | 0/1 [00:00<?, ?it/s]0.6088366634250764
100%|##########| 1/1 [00:00<00:00, 28.38it/s]
04-12 13:36:37 Train-Loss Source Classifier: 1.2326
04-12 13:36:37 Train-Loss Discriminator: 0.6726
04-12 13:36:37 Train-Acc Source Data: 0.3828
04-12 13:36:37 Train-Acc Discriminator: 0.5039
  0%|          | 0/2 [00:00<?, ?it/s]100%|##########| 2/2 [00:00<00:00, 96.86it/s]
04-12 13:36:37 Val-Acc Target Data: 0.1289
04-12 13:36:37 The best model epoch 7, val-acc 0.3203
04-12 13:36:37 -----Epoch 16/100-----
04-12 13:36:37 current lr: [0.0002, 0.0002]
  0%|          | 0/1 [00:00<?, ?it/s]0.6396468132846604
100%|##########| 1/1 [00:00<00:00, 28.50it/s]
04-12 13:36:37 Train-Loss Source Classifier: 1.2395
04-12 13:36:37 Train-Loss Discriminator: 0.6709
04-12 13:36:37 Train-Acc Source Data: 0.3359
04-12 13:36:37 Train-Acc Discriminator: 0.5000
  0%|          | 0/2 [00:00<?, ?it/s]100%|##########| 2/2 [00:00<00:00, 114.00it/s]
04-12 13:36:37 Val-Acc Target Data: 0.1641
04-12 13:36:37 The best model epoch 7, val-acc 0.3203
04-12 13:36:37 -----Epoch 17/100-----
04-12 13:36:37 current lr: [0.0002, 0.0002]
  0%|          | 0/1 [00:00<?, ?it/s]0.6685301785587523
100%|##########| 1/1 [00:00<00:00, 27.75it/s]
04-12 13:36:37 Train-Loss Source Classifier: 1.2403
04-12 13:36:37 Train-Loss Discriminator: 0.6685
04-12 13:36:37 Train-Acc Source Data: 0.3438
04-12 13:36:37 Train-Acc Discriminator: 0.5039
  0%|          | 0/2 [00:00<?, ?it/s]100%|##########| 2/2 [00:00<00:00, 112.68it/s]
04-12 13:36:37 Val-Acc Target Data: 0.1797
04-12 13:36:37 The best model epoch 7, val-acc 0.3203
04-12 13:36:37 -----Epoch 18/100-----
04-12 13:36:37 current lr: [0.0002, 0.0002]
  0%|          | 0/1 [00:00<?, ?it/s]0.6955283537122185
100%|##########| 1/1 [00:00<00:00, 29.75it/s]
04-12 13:36:38 Train-Loss Source Classifier: 1.2041
04-12 13:36:38 Train-Loss Discriminator: 0.6662
04-12 13:36:38 Train-Acc Source Data: 0.4922
04-12 13:36:38 Train-Acc Discriminator: 0.4961
  0%|          | 0/2 [00:00<?, ?it/s]100%|##########| 2/2 [00:00<00:00, 109.06it/s]
04-12 13:36:38 Val-Acc Target Data: 0.2539
04-12 13:36:38 The best model epoch 7, val-acc 0.3203
04-12 13:36:38 -----Epoch 19/100-----
04-12 13:36:38 current lr: [0.0002, 0.0002]
  0%|          | 0/1 [00:00<?, ?it/s]0.7206956331664796
100%|##########| 1/1 [00:00<00:00, 26.47it/s]
04-12 13:36:38 Train-Loss Source Classifier: 1.2011
04-12 13:36:38 Train-Loss Discriminator: 0.6651
04-12 13:36:38 Train-Acc Source Data: 0.5234
04-12 13:36:38 Train-Acc Discriminator: 0.4961
  0%|          | 0/2 [00:00<?, ?it/s]100%|##########| 2/2 [00:00<00:00, 113.63it/s]
04-12 13:36:38 Val-Acc Target Data: 0.3945
04-12 13:36:38 The best model epoch 19, val-acc 0.3945
04-12 13:36:38 -----Epoch 20/100-----
04-12 13:36:38 current lr: [0.0002, 0.0002]
  0%|          | 0/1 [00:00<?, ?it/s]0.7440965901510945
100%|##########| 1/1 [00:00<00:00, 32.26it/s]
04-12 13:36:38 Train-Loss Source Classifier: 1.2003
04-12 13:36:38 Train-Loss Discriminator: 0.6643
04-12 13:36:38 Train-Acc Source Data: 0.6016
04-12 13:36:38 Train-Acc Discriminator: 0.5039
  0%|          | 0/2 [00:00<?, ?it/s]100%|##########| 2/2 [00:00<00:00, 112.71it/s]
04-12 13:36:38 Val-Acc Target Data: 0.5625
04-12 13:36:38 The best model epoch 20, val-acc 0.5625
04-12 13:36:38 -----Epoch 21/100-----
04-12 13:36:38 current lr: [4e-05, 4e-05]
  0%|          | 0/1 [00:00<?, ?it/s]0.7658037936565176
100%|##########| 1/1 [00:00<00:00, 27.86it/s]
04-12 13:36:38 Train-Loss Source Classifier: 1.1831
04-12 13:36:38 Train-Loss Discriminator: 0.6621
04-12 13:36:38 Train-Acc Source Data: 0.6250
04-12 13:36:38 Train-Acc Discriminator: 0.5000
  0%|          | 0/2 [00:00<?, ?it/s]100%|##########| 2/2 [00:00<00:00, 113.13it/s]
04-12 13:36:38 Val-Acc Target Data: 0.6562
04-12 13:36:38 The best model epoch 21, val-acc 0.6562
04-12 13:36:38 -----Epoch 22/100-----
04-12 13:36:38 current lr: [4e-05, 4e-05]
  0%|          | 0/1 [00:00<?, ?it/s]0.7858957075716457
100%|##########| 1/1 [00:00<00:00, 30.31it/s]
04-12 13:36:38 Train-Loss Source Classifier: 1.1775
04-12 13:36:38 Train-Loss Discriminator: 0.6592
04-12 13:36:38 Train-Acc Source Data: 0.6406
04-12 13:36:38 Train-Acc Discriminator: 0.5078
  0%|          | 0/2 [00:00<?, ?it/s]100%|##########| 2/2 [00:00<00:00, 112.59it/s]
04-12 13:36:38 Val-Acc Target Data: 0.6875
04-12 13:36:38 The best model epoch 22, val-acc 0.6875
04-12 13:36:38 -----Epoch 23/100-----
04-12 13:36:38 current lr: [4e-05, 4e-05]
  0%|          | 0/1 [00:00<?, ?it/s]0.8044548002984016
100%|##########| 1/1 [00:00<00:00, 27.07it/s]
04-12 13:36:38 Train-Loss Source Classifier: 1.2134
04-12 13:36:38 Train-Loss Discriminator: 0.6608
04-12 13:36:38 Train-Acc Source Data: 0.6094
04-12 13:36:38 Train-Acc Discriminator: 0.5000
  0%|          | 0/2 [00:00<?, ?it/s]100%|##########| 2/2 [00:00<00:00, 95.08it/s]
04-12 13:36:38 Val-Acc Target Data: 0.7383
04-12 13:36:38 The best model epoch 23, val-acc 0.7383
04-12 13:36:38 -----Epoch 24/100-----
04-12 13:36:38 current lr: [4e-05, 4e-05]
  0%|          | 0/1 [00:00<?, ?it/s]0.8215658794976031
100%|##########| 1/1 [00:00<00:00, 27.15it/s]
04-12 13:36:38 Train-Loss Source Classifier: 1.1957
04-12 13:36:38 Train-Loss Discriminator: 0.6591
04-12 13:36:38 Train-Acc Source Data: 0.6172
04-12 13:36:38 Train-Acc Discriminator: 0.5117
  0%|          | 0/2 [00:00<?, ?it/s]100%|##########| 2/2 [00:00<00:00, 111.50it/s]
04-12 13:36:38 Val-Acc Target Data: 0.7539
04-12 13:36:38 The best model epoch 24, val-acc 0.7539
04-12 13:36:38 -----Epoch 25/100-----
04-12 13:36:38 current lr: [4e-05, 4e-05]
  0%|          | 0/1 [00:00<?, ?it/s]0.8373146554009643
100%|##########| 1/1 [00:00<00:00, 31.99it/s]
04-12 13:36:38 Train-Loss Source Classifier: 1.1741
04-12 13:36:38 Train-Loss Discriminator: 0.6576
04-12 13:36:38 Train-Acc Source Data: 0.6797
04-12 13:36:38 Train-Acc Discriminator: 0.5117
  0%|          | 0/2 [00:00<?, ?it/s]100%|##########| 2/2 [00:00<00:00, 111.27it/s]
04-12 13:36:38 Val-Acc Target Data: 0.7734
04-12 13:36:38 The best model epoch 25, val-acc 0.7734
04-12 13:36:38 -----Epoch 26/100-----
04-12 13:36:38 current lr: [4e-05, 4e-05]
  0%|          | 0/1 [00:00<?, ?it/s]0.8517865273499055
100%|##########| 1/1 [00:00<00:00, 28.67it/s]
04-12 13:36:38 Train-Loss Source Classifier: 1.1923
04-12 13:36:38 Train-Loss Discriminator: 0.6589
04-12 13:36:38 Train-Acc Source Data: 0.6172
04-12 13:36:38 Train-Acc Discriminator: 0.5039
  0%|          | 0/2 [00:00<?, ?it/s]100%|##########| 2/2 [00:00<00:00, 111.58it/s]
04-12 13:36:38 Val-Acc Target Data: 0.7930
04-12 13:36:38 The best model epoch 26, val-acc 0.7930
04-12 13:36:38 -----Epoch 27/100-----
04-12 13:36:38 current lr: [4e-05, 4e-05]
  0%|          | 0/1 [00:00<?, ?it/s]0.8650655817486024
100%|##########| 1/1 [00:00<00:00, 24.20it/s]
04-12 13:36:38 Train-Loss Source Classifier: 1.1914
04-12 13:36:38 Train-Loss Discriminator: 0.6531
04-12 13:36:38 Train-Acc Source Data: 0.5625
04-12 13:36:38 Train-Acc Discriminator: 0.5039
  0%|          | 0/2 [00:00<?, ?it/s]100%|##########| 2/2 [00:00<00:00, 84.37it/s]
04-12 13:36:38 Val-Acc Target Data: 0.8086
04-12 13:36:38 The best model epoch 27, val-acc 0.8086
04-12 13:36:38 -----Epoch 28/100-----
04-12 13:36:38 current lr: [4e-05, 4e-05]
  0%|          | 0/1 [00:00<?, ?it/s]0.8772337851930159
100%|##########| 1/1 [00:00<00:00, 27.97it/s]
04-12 13:36:38 Train-Loss Source Classifier: 1.1850
04-12 13:36:38 Train-Loss Discriminator: 0.6558
04-12 13:36:38 Train-Acc Source Data: 0.6250
04-12 13:36:38 Train-Acc Discriminator: 0.5117
  0%|          | 0/2 [00:00<?, ?it/s]100%|##########| 2/2 [00:00<00:00, 111.79it/s]
04-12 13:36:38 Val-Acc Target Data: 0.8047
04-12 13:36:38 The best model epoch 27, val-acc 0.8086
04-12 13:36:38 -----Epoch 29/100-----
04-12 13:36:38 current lr: [4e-05, 4e-05]
  0%|          | 0/1 [00:00<?, ?it/s]0.8883703538492211
100%|##########| 1/1 [00:00<00:00, 29.96it/s]
04-12 13:36:38 Train-Loss Source Classifier: 1.1880
04-12 13:36:38 Train-Loss Discriminator: 0.6574
04-12 13:36:38 Train-Acc Source Data: 0.6016
04-12 13:36:38 Train-Acc Discriminator: 0.5078
  0%|          | 0/2 [00:00<?, ?it/s]100%|##########| 2/2 [00:00<00:00, 110.86it/s]
04-12 13:36:38 Val-Acc Target Data: 0.8242
04-12 13:36:38 The best model epoch 29, val-acc 0.8242
04-12 13:36:38 -----Epoch 30/100-----
04-12 13:36:38 current lr: [4e-05, 4e-05]
  0%|          | 0/1 [00:00<?, ?it/s]0.8985512788758914
100%|##########| 1/1 [00:00<00:00, 28.63it/s]
04-12 13:36:38 Train-Loss Source Classifier: 1.1780
04-12 13:36:38 Train-Loss Discriminator: 0.6560
04-12 13:36:38 Train-Acc Source Data: 0.6562
04-12 13:36:38 Train-Acc Discriminator: 0.5078
  0%|          | 0/2 [00:00<?, ?it/s]100%|##########| 2/2 [00:00<00:00, 111.71it/s]
04-12 13:36:38 Val-Acc Target Data: 0.8359
04-12 13:36:38 The best model epoch 30, val-acc 0.8359
04-12 13:36:38 -----Epoch 31/100-----
04-12 13:36:38 current lr: [8.000000000000001e-06, 8.000000000000001e-06]
  0%|          | 0/1 [00:00<?, ?it/s]0.9078489875013613
100%|##########| 1/1 [00:00<00:00, 27.02it/s]
04-12 13:36:39 Train-Loss Source Classifier: 1.1910
04-12 13:36:39 Train-Loss Discriminator: 0.6569
04-12 13:36:39 Train-Acc Source Data: 0.6172
04-12 13:36:39 Train-Acc Discriminator: 0.5078
  0%|          | 0/2 [00:00<?, ?it/s]100%|##########| 2/2 [00:00<00:00, 110.34it/s]
04-12 13:36:39 Val-Acc Target Data: 0.8477
04-12 13:36:39 The best model epoch 31, val-acc 0.8477
04-12 13:36:39 -----Epoch 32/100-----
04-12 13:36:39 current lr: [8.000000000000001e-06, 8.000000000000001e-06]
  0%|          | 0/1 [00:00<?, ?it/s]0.9163321199889605
100%|##########| 1/1 [00:00<00:00, 28.41it/s]
04-12 13:36:39 Train-Loss Source Classifier: 1.2011
04-12 13:36:39 Train-Loss Discriminator: 0.6563
04-12 13:36:39 Train-Acc Source Data: 0.6250
04-12 13:36:39 Train-Acc Discriminator: 0.5000
  0%|          | 0/2 [00:00<?, ?it/s]100%|##########| 2/2 [00:00<00:00, 109.72it/s]
04-12 13:36:39 Val-Acc Target Data: 0.8477
04-12 13:36:39 The best model epoch 32, val-acc 0.8477
04-12 13:36:39 -----Epoch 33/100-----
04-12 13:36:39 current lr: [8.000000000000001e-06, 8.000000000000001e-06]
  0%|          | 0/1 [00:00<?, ?it/s]0.9240654039080047
100%|##########| 1/1 [00:00<00:00, 28.82it/s]
04-12 13:36:39 Train-Loss Source Classifier: 1.1880
04-12 13:36:39 Train-Loss Discriminator: 0.6540
04-12 13:36:39 Train-Acc Source Data: 0.6484
04-12 13:36:39 Train-Acc Discriminator: 0.5078
  0%|          | 0/2 [00:00<?, ?it/s]100%|##########| 2/2 [00:00<00:00, 110.73it/s]
04-12 13:36:39 Val-Acc Target Data: 0.8438
04-12 13:36:39 The best model epoch 32, val-acc 0.8477
04-12 13:36:39 -----Epoch 34/100-----
04-12 13:36:39 current lr: [8.000000000000001e-06, 8.000000000000001e-06]
  0%|          | 0/1 [00:00<?, ?it/s]0.9311096086675779
100%|##########| 1/1 [00:00<00:00, 27.19it/s]
04-12 13:36:39 Train-Loss Source Classifier: 1.1967
04-12 13:36:39 Train-Loss Discriminator: 0.6572
04-12 13:36:39 Train-Acc Source Data: 0.6250
04-12 13:36:39 Train-Acc Discriminator: 0.5078
  0%|          | 0/2 [00:00<?, ?it/s]100%|##########| 2/2 [00:00<00:00, 111.29it/s]
04-12 13:36:39 Val-Acc Target Data: 0.8359
04-12 13:36:39 The best model epoch 32, val-acc 0.8477
04-12 13:36:39 -----Epoch 35/100-----
04-12 13:36:39 current lr: [8.000000000000001e-06, 8.000000000000001e-06]
  0%|          | 0/1 [00:00<?, ?it/s]0.9375215650034894
100%|##########| 1/1 [00:00<00:00, 27.19it/s]
04-12 13:36:39 Train-Loss Source Classifier: 1.1828
04-12 13:36:39 Train-Loss Discriminator: 0.6535
04-12 13:36:39 Train-Acc Source Data: 0.6797
04-12 13:36:39 Train-Acc Discriminator: 0.5195
  0%|          | 0/2 [00:00<?, ?it/s]100%|##########| 2/2 [00:00<00:00, 111.05it/s]
04-12 13:36:39 Val-Acc Target Data: 0.8359
04-12 13:36:39 The best model epoch 32, val-acc 0.8477
04-12 13:36:39 -----Epoch 36/100-----
04-12 13:36:39 current lr: [8.000000000000001e-06, 8.000000000000001e-06]
  0%|          | 0/1 [00:00<?, ?it/s]0.9433542359113936
100%|##########| 1/1 [00:00<00:00, 26.90it/s]
04-12 13:36:39 Train-Loss Source Classifier: 1.1592
04-12 13:36:39 Train-Loss Discriminator: 0.6517
04-12 13:36:39 Train-Acc Source Data: 0.7188
04-12 13:36:39 Train-Acc Discriminator: 0.5195
  0%|          | 0/2 [00:00<?, ?it/s]100%|##########| 2/2 [00:00<00:00, 111.58it/s]
04-12 13:36:39 Val-Acc Target Data: 0.8359
04-12 13:36:39 The best model epoch 32, val-acc 0.8477
04-12 13:36:39 -----Epoch 37/100-----
04-12 13:36:39 current lr: [8.000000000000001e-06, 8.000000000000001e-06]
  0%|          | 0/1 [00:00<?, ?it/s]0.9486568273003462
100%|##########| 1/1 [00:00<00:00, 33.15it/s]
04-12 13:36:39 Train-Loss Source Classifier: 1.1637
04-12 13:36:39 Train-Loss Discriminator: 0.6520
04-12 13:36:39 Train-Acc Source Data: 0.6484
04-12 13:36:39 Train-Acc Discriminator: 0.5195
  0%|          | 0/2 [00:00<?, ?it/s]100%|##########| 2/2 [00:00<00:00, 110.39it/s]
04-12 13:36:39 Val-Acc Target Data: 0.8359
04-12 13:36:39 The best model epoch 32, val-acc 0.8477
04-12 13:36:39 -----Epoch 38/100-----
04-12 13:36:39 current lr: [8.000000000000001e-06, 8.000000000000001e-06]
  0%|          | 0/1 [00:00<?, ?it/s]0.9534749283382289
100%|##########| 1/1 [00:00<00:00, 25.02it/s]
04-12 13:36:39 Train-Loss Source Classifier: 1.1742
04-12 13:36:39 Train-Loss Discriminator: 0.6551
04-12 13:36:39 Train-Acc Source Data: 0.6641
04-12 13:36:39 Train-Acc Discriminator: 0.5156
  0%|          | 0/2 [00:00<?, ?it/s]100%|##########| 2/2 [00:00<00:00, 109.92it/s]
04-12 13:36:39 Val-Acc Target Data: 0.8320
04-12 13:36:39 The best model epoch 32, val-acc 0.8477
04-12 13:36:39 -----Epoch 39/100-----
04-12 13:36:39 current lr: [8.000000000000001e-06, 8.000000000000001e-06]
  0%|          | 0/1 [00:00<?, ?it/s]0.9578506730331415
100%|##########| 1/1 [00:00<00:00, 27.06it/s]
04-12 13:36:39 Train-Loss Source Classifier: 1.2080
04-12 13:36:39 Train-Loss Discriminator: 0.6566
04-12 13:36:39 Train-Acc Source Data: 0.5234
04-12 13:36:39 Train-Acc Discriminator: 0.5117
  0%|          | 0/2 [00:00<?, ?it/s]100%|##########| 2/2 [00:00<00:00, 109.56it/s]
04-12 13:36:39 Val-Acc Target Data: 0.8320
04-12 13:36:39 The best model epoch 32, val-acc 0.8477
04-12 13:36:39 -----Epoch 40/100-----
04-12 13:36:39 current lr: [8.000000000000001e-06, 8.000000000000001e-06]
  0%|          | 0/1 [00:00<?, ?it/s]0.961822916020153
100%|##########| 1/1 [00:00<00:00, 27.02it/s]
04-12 13:36:39 Train-Loss Source Classifier: 1.1908
04-12 13:36:39 Train-Loss Discriminator: 0.6528
04-12 13:36:39 Train-Acc Source Data: 0.5703
04-12 13:36:39 Train-Acc Discriminator: 0.5156
  0%|          | 0/2 [00:00<?, ?it/s]100%|##########| 2/2 [00:00<00:00, 109.48it/s]
04-12 13:36:39 Val-Acc Target Data: 0.8320
04-12 13:36:39 The best model epoch 32, val-acc 0.8477
04-12 13:36:39 -----Epoch 41/100-----
04-12 13:36:39 current lr: [1.6000000000000004e-06, 1.6000000000000004e-06]
  0%|          | 0/1 [00:00<?, ?it/s]0.965427416790944
100%|##########| 1/1 [00:00<00:00, 32.88it/s]
04-12 13:36:39 Train-Loss Source Classifier: 1.1903
04-12 13:36:39 Train-Loss Discriminator: 0.6539
04-12 13:36:39 Train-Acc Source Data: 0.6250
04-12 13:36:39 Train-Acc Discriminator: 0.5078
  0%|          | 0/2 [00:00<?, ?it/s]100%|##########| 2/2 [00:00<00:00, 109.37it/s]
04-12 13:36:39 Val-Acc Target Data: 0.8320
04-12 13:36:39 The best model epoch 32, val-acc 0.8477
04-12 13:36:39 -----Epoch 42/100-----
04-12 13:36:39 current lr: [1.6000000000000004e-06, 1.6000000000000004e-06]
  0%|          | 0/1 [00:00<?, ?it/s]0.9686970277143632
100%|##########| 1/1 [00:00<00:00, 26.31it/s]
04-12 13:36:39 Train-Loss Source Classifier: 1.1960
04-12 13:36:39 Train-Loss Discriminator: 0.6569
04-12 13:36:39 Train-Acc Source Data: 0.5859
04-12 13:36:39 Train-Acc Discriminator: 0.5078
  0%|          | 0/2 [00:00<?, ?it/s]100%|##########| 2/2 [00:00<00:00, 110.20it/s]
04-12 13:36:39 Val-Acc Target Data: 0.8242
04-12 13:36:39 The best model epoch 32, val-acc 0.8477
04-12 13:36:39 -----Epoch 43/100-----
04-12 13:36:39 current lr: [1.6000000000000004e-06, 1.6000000000000004e-06]
  0%|          | 0/1 [00:00<?, ?it/s]0.9716618821549914
100%|##########| 1/1 [00:00<00:00, 33.30it/s]
04-12 13:36:39 Train-Loss Source Classifier: 1.1931
04-12 13:36:39 Train-Loss Discriminator: 0.6536
04-12 13:36:39 Train-Acc Source Data: 0.6016
04-12 13:36:39 Train-Acc Discriminator: 0.5078
  0%|          | 0/2 [00:00<?, ?it/s]100%|##########| 2/2 [00:00<00:00, 108.54it/s]
04-12 13:36:39 Val-Acc Target Data: 0.8242
04-12 13:36:39 The best model epoch 32, val-acc 0.8477
04-12 13:36:39 -----Epoch 44/100-----
04-12 13:36:39 current lr: [1.6000000000000004e-06, 1.6000000000000004e-06]
  0%|          | 0/1 [00:00<?, ?it/s]0.9743495798144708
100%|##########| 1/1 [00:00<00:00, 27.09it/s]
04-12 13:36:39 Train-Loss Source Classifier: 1.1749
04-12 13:36:39 Train-Loss Discriminator: 0.6501
04-12 13:36:39 Train-Acc Source Data: 0.6641
04-12 13:36:39 Train-Acc Discriminator: 0.5078
  0%|          | 0/2 [00:00<?, ?it/s]100%|##########| 2/2 [00:00<00:00, 109.57it/s]
04-12 13:36:40 Val-Acc Target Data: 0.8242
04-12 13:36:40 The best model epoch 32, val-acc 0.8477
04-12 13:36:40 -----Epoch 45/100-----
04-12 13:36:40 current lr: [1.6000000000000004e-06, 1.6000000000000004e-06]
  0%|          | 0/1 [00:00<?, ?it/s]0.9767853671093907
100%|##########| 1/1 [00:00<00:00, 26.94it/s]
04-12 13:36:40 Train-Loss Source Classifier: 1.1810
04-12 13:36:40 Train-Loss Discriminator: 0.6527
04-12 13:36:40 Train-Acc Source Data: 0.6641
04-12 13:36:40 Train-Acc Discriminator: 0.5195
  0%|          | 0/2 [00:00<?, ?it/s]100%|##########| 2/2 [00:00<00:00, 107.46it/s]
04-12 13:36:40 Val-Acc Target Data: 0.8242
04-12 13:36:40 The best model epoch 32, val-acc 0.8477
04-12 13:36:40 -----Epoch 46/100-----
04-12 13:36:40 current lr: [1.6000000000000004e-06, 1.6000000000000004e-06]
  0%|          | 0/1 [00:00<?, ?it/s]0.9789923109734291
100%|##########| 1/1 [00:00<00:00, 26.87it/s]
04-12 13:36:40 Train-Loss Source Classifier: 1.1569
04-12 13:36:40 Train-Loss Discriminator: 0.6548
04-12 13:36:40 Train-Acc Source Data: 0.7109
04-12 13:36:40 Train-Acc Discriminator: 0.5078
  0%|          | 0/2 [00:00<?, ?it/s]100%|##########| 2/2 [00:00<00:00, 108.11it/s]
04-12 13:36:40 Val-Acc Target Data: 0.8242
04-12 13:36:40 The best model epoch 32, val-acc 0.8477
04-12 13:36:40 -----Epoch 47/100-----
04-12 13:36:40 current lr: [1.6000000000000004e-06, 1.6000000000000004e-06]
  0%|          | 0/1 [00:00<?, ?it/s]0.9809914649441449
100%|##########| 1/1 [00:00<00:00, 29.21it/s]
04-12 13:36:40 Train-Loss Source Classifier: 1.1699
04-12 13:36:40 Train-Loss Discriminator: 0.6518
04-12 13:36:40 Train-Acc Source Data: 0.6562
04-12 13:36:40 Train-Acc Discriminator: 0.5273
  0%|          | 0/2 [00:00<?, ?it/s]100%|##########| 2/2 [00:00<00:00, 111.29it/s]
04-12 13:36:40 Val-Acc Target Data: 0.8242
04-12 13:36:40 The best model epoch 32, val-acc 0.8477
04-12 13:36:40 -----Epoch 48/100-----
04-12 13:36:40 current lr: [1.6000000000000004e-06, 1.6000000000000004e-06]
  0%|          | 0/1 [00:00<?, ?it/s]0.9828020267796211
100%|##########| 1/1 [00:00<00:00, 29.49it/s]
04-12 13:36:40 Train-Loss Source Classifier: 1.1914
04-12 13:36:40 Train-Loss Discriminator: 0.6562
04-12 13:36:40 Train-Acc Source Data: 0.6250
04-12 13:36:40 Train-Acc Discriminator: 0.5078
  0%|          | 0/2 [00:00<?, ?it/s]100%|##########| 2/2 [00:00<00:00, 111.19it/s]
04-12 13:36:40 Val-Acc Target Data: 0.8242
04-12 13:36:40 The best model epoch 32, val-acc 0.8477
04-12 13:36:40 -----Epoch 49/100-----
04-12 13:36:40 current lr: [1.6000000000000004e-06, 1.6000000000000004e-06]
  0%|          | 0/1 [00:00<?, ?it/s]0.9844414871595635
100%|##########| 1/1 [00:00<00:00, 27.06it/s]
04-12 13:36:40 Train-Loss Source Classifier: 1.1873
04-12 13:36:40 Train-Loss Discriminator: 0.6526
04-12 13:36:40 Train-Acc Source Data: 0.6641
04-12 13:36:40 Train-Acc Discriminator: 0.5039
  0%|          | 0/2 [00:00<?, ?it/s]100%|##########| 2/2 [00:00<00:00, 111.70it/s]
04-12 13:36:40 Val-Acc Target Data: 0.8242
04-12 13:36:40 The best model epoch 32, val-acc 0.8477
04-12 13:36:40 -----Epoch 50/100-----
04-12 13:36:40 current lr: [1.6000000000000004e-06, 1.6000000000000004e-06]
  0%|          | 0/1 [00:00<?, ?it/s]0.9859257692708714
100%|##########| 1/1 [00:00<00:00, 32.42it/s]
04-12 13:36:40 Train-Loss Source Classifier: 1.1680
04-12 13:36:40 Train-Loss Discriminator: 0.6513
04-12 13:36:40 Train-Acc Source Data: 0.6953
04-12 13:36:40 Train-Acc Discriminator: 0.5273
  0%|          | 0/2 [00:00<?, ?it/s]100%|##########| 2/2 [00:00<00:00, 109.22it/s]
04-12 13:36:40 Val-Acc Target Data: 0.8242
04-12 13:36:40 The best model epoch 32, val-acc 0.8477
04-12 13:36:40 -----Epoch 51/100-----
04-12 13:36:40 current lr: [3.200000000000001e-07, 3.200000000000001e-07]
  0%|          | 0/1 [00:00<?, ?it/s]0.9872693592693589
100%|##########| 1/1 [00:00<00:00, 28.54it/s]
04-12 13:36:40 Train-Loss Source Classifier: 1.1774
04-12 13:36:40 Train-Loss Discriminator: 0.6515
04-12 13:36:40 Train-Acc Source Data: 0.6094
04-12 13:36:40 Train-Acc Discriminator: 0.5234
  0%|          | 0/2 [00:00<?, ?it/s]100%|##########| 2/2 [00:00<00:00, 110.86it/s]
04-12 13:36:40 Val-Acc Target Data: 0.8242
04-12 13:36:40 The best model epoch 32, val-acc 0.8477
04-12 13:36:40 -----Epoch 52/100-----
04-12 13:36:40 current lr: [3.200000000000001e-07, 3.200000000000001e-07]
  0%|          | 0/1 [00:00<?, ?it/s]0.9884854277561836
100%|##########| 1/1 [00:00<00:00, 33.23it/s]
04-12 13:36:40 Train-Loss Source Classifier: 1.1792
04-12 13:36:40 Train-Loss Discriminator: 0.6542
04-12 13:36:40 Train-Acc Source Data: 0.6484
04-12 13:36:40 Train-Acc Discriminator: 0.5273
  0%|          | 0/2 [00:00<?, ?it/s]100%|##########| 2/2 [00:00<00:00, 112.62it/s]
04-12 13:36:40 Val-Acc Target Data: 0.8281
04-12 13:36:40 The best model epoch 32, val-acc 0.8477
04-12 13:36:40 -----Epoch 53/100-----
04-12 13:36:40 current lr: [3.200000000000001e-07, 3.200000000000001e-07]
  0%|          | 0/1 [00:00<?, ?it/s]0.9895859425175135
100%|##########| 1/1 [00:00<00:00, 28.10it/s]
04-12 13:36:40 Train-Loss Source Classifier: 1.1961
04-12 13:36:40 Train-Loss Discriminator: 0.6549
04-12 13:36:40 Train-Acc Source Data: 0.5938
04-12 13:36:40 Train-Acc Discriminator: 0.5195
  0%|          | 0/2 [00:00<?, ?it/s]100%|##########| 2/2 [00:00<00:00, 109.28it/s]
04-12 13:36:40 Val-Acc Target Data: 0.8281
04-12 13:36:40 The best model epoch 32, val-acc 0.8477
04-12 13:36:40 -----Epoch 54/100-----
04-12 13:36:40 current lr: [3.200000000000001e-07, 3.200000000000001e-07]
  0%|          | 0/1 [00:00<?, ?it/s]0.990581772855772
100%|##########| 1/1 [00:00<00:00, 32.43it/s]
04-12 13:36:40 Train-Loss Source Classifier: 1.1965
04-12 13:36:40 Train-Loss Discriminator: 0.6551
04-12 13:36:40 Train-Acc Source Data: 0.5938
04-12 13:36:40 Train-Acc Discriminator: 0.5156
  0%|          | 0/2 [00:00<?, ?it/s]100%|##########| 2/2 [00:00<00:00, 112.67it/s]
04-12 13:36:40 Val-Acc Target Data: 0.8281
04-12 13:36:40 The best model epoch 32, val-acc 0.8477
04-12 13:36:40 -----Epoch 55/100-----
04-12 13:36:40 current lr: [3.200000000000001e-07, 3.200000000000001e-07]
  0%|          | 0/1 [00:00<?, ?it/s]0.9914827858961799
100%|##########| 1/1 [00:00<00:00, 27.94it/s]
04-12 13:36:40 Train-Loss Source Classifier: 1.1841
04-12 13:36:40 Train-Loss Discriminator: 0.6548
04-12 13:36:40 Train-Acc Source Data: 0.6250
04-12 13:36:40 Train-Acc Discriminator: 0.5078
  0%|          | 0/2 [00:00<?, ?it/s]100%|##########| 2/2 [00:00<00:00, 112.70it/s]
04-12 13:36:40 Val-Acc Target Data: 0.8281
04-12 13:36:40 The best model epoch 32, val-acc 0.8477
04-12 13:36:40 -----Epoch 56/100-----
04-12 13:36:40 current lr: [3.200000000000001e-07, 3.200000000000001e-07]
  0%|          | 0/1 [00:00<?, ?it/s]0.9922979352881394
100%|##########| 1/1 [00:00<00:00, 27.88it/s]
04-12 13:36:40 Train-Loss Source Classifier: 1.1599
04-12 13:36:40 Train-Loss Discriminator: 0.6505
04-12 13:36:40 Train-Acc Source Data: 0.6953
04-12 13:36:40 Train-Acc Discriminator: 0.5000
  0%|          | 0/2 [00:00<?, ?it/s]100%|##########| 2/2 [00:00<00:00, 108.17it/s]
04-12 13:36:40 Val-Acc Target Data: 0.8281
04-12 13:36:40 The best model epoch 32, val-acc 0.8477
04-12 13:36:40 -----Epoch 57/100-----
04-12 13:36:40 current lr: [3.200000000000001e-07, 3.200000000000001e-07]
  0%|          | 0/1 [00:00<?, ?it/s]0.9930353427413354
100%|##########| 1/1 [00:00<00:00, 25.76it/s]
04-12 13:36:40 Train-Loss Source Classifier: 1.1710
04-12 13:36:40 Train-Loss Discriminator: 0.6520
04-12 13:36:40 Train-Acc Source Data: 0.6719
04-12 13:36:40 Train-Acc Discriminator: 0.5117
  0%|          | 0/2 [00:00<?, ?it/s]100%|##########| 2/2 [00:00<00:00, 92.12it/s]
04-12 13:36:40 Val-Acc Target Data: 0.8320
04-12 13:36:40 The best model epoch 32, val-acc 0.8477
04-12 13:36:40 -----Epoch 58/100-----
04-12 13:36:40 current lr: [3.200000000000001e-07, 3.200000000000001e-07]
  0%|          | 0/1 [00:00<?, ?it/s]0.9937023728446404
100%|##########| 1/1 [00:00<00:00, 25.00it/s]
04-12 13:36:41 Train-Loss Source Classifier: 1.2024
04-12 13:36:41 Train-Loss Discriminator: 0.6565
04-12 13:36:41 Train-Acc Source Data: 0.6250
04-12 13:36:41 Train-Acc Discriminator: 0.5156
  0%|          | 0/2 [00:00<?, ?it/s]100%|##########| 2/2 [00:00<00:00, 112.14it/s]
04-12 13:36:41 Val-Acc Target Data: 0.8281
04-12 13:36:41 The best model epoch 32, val-acc 0.8477
04-12 13:36:41 -----Epoch 59/100-----
04-12 13:36:41 current lr: [3.200000000000001e-07, 3.200000000000001e-07]
  0%|          | 0/1 [00:00<?, ?it/s]0.9943057016148025
100%|##########| 1/1 [00:00<00:00, 27.50it/s]
04-12 13:36:41 Train-Loss Source Classifier: 1.1697
04-12 13:36:41 Train-Loss Discriminator: 0.6512
04-12 13:36:41 Train-Acc Source Data: 0.6719
04-12 13:36:41 Train-Acc Discriminator: 0.5234
  0%|          | 0/2 [00:00<?, ?it/s]100%|##########| 2/2 [00:00<00:00, 112.72it/s]
04-12 13:36:41 Val-Acc Target Data: 0.8320
04-12 13:36:41 The best model epoch 32, val-acc 0.8477
04-12 13:36:41 -----Epoch 60/100-----
04-12 13:36:41 current lr: [3.200000000000001e-07, 3.200000000000001e-07]
  0%|          | 0/1 [00:00<?, ?it/s]0.994851379213725
100%|##########| 1/1 [00:00<00:00, 27.07it/s]
04-12 13:36:41 Train-Loss Source Classifier: 1.1730
04-12 13:36:41 Train-Loss Discriminator: 0.6514
04-12 13:36:41 Train-Acc Source Data: 0.6484
04-12 13:36:41 Train-Acc Discriminator: 0.5078
  0%|          | 0/2 [00:00<?, ?it/s]100%|##########| 2/2 [00:00<00:00, 112.11it/s]
04-12 13:36:41 Val-Acc Target Data: 0.8320
04-12 13:36:41 The best model epoch 32, val-acc 0.8477
04-12 13:36:41 -----Epoch 61/100-----
04-12 13:36:41 current lr: [6.400000000000003e-08, 6.400000000000003e-08]
  0%|          | 0/1 [00:00<?, ?it/s]0.9953448872598085
100%|##########| 1/1 [00:00<00:00, 27.13it/s]
04-12 13:36:41 Train-Loss Source Classifier: 1.1643
04-12 13:36:41 Train-Loss Discriminator: 0.6528
04-12 13:36:41 Train-Acc Source Data: 0.6641
04-12 13:36:41 Train-Acc Discriminator: 0.5078
  0%|          | 0/2 [00:00<?, ?it/s]100%|##########| 2/2 [00:00<00:00, 111.67it/s]
04-12 13:36:41 Val-Acc Target Data: 0.8320
04-12 13:36:41 The best model epoch 32, val-acc 0.8477
04-12 13:36:41 -----Epoch 62/100-----
04-12 13:36:41 current lr: [6.400000000000003e-08, 6.400000000000003e-08]
  0%|          | 0/1 [00:00<?, ?it/s]0.9957911911417632
100%|##########| 1/1 [00:00<00:00, 27.01it/s]
04-12 13:36:41 Train-Loss Source Classifier: 1.1872
04-12 13:36:41 Train-Loss Discriminator: 0.6514
04-12 13:36:41 Train-Acc Source Data: 0.6172
04-12 13:36:41 Train-Acc Discriminator: 0.5156
  0%|          | 0/2 [00:00<?, ?it/s]100%|##########| 2/2 [00:00<00:00, 111.77it/s]
04-12 13:36:41 Val-Acc Target Data: 0.8320
04-12 13:36:41 The best model epoch 32, val-acc 0.8477
04-12 13:36:41 -----Epoch 63/100-----
04-12 13:36:41 current lr: [6.400000000000003e-08, 6.400000000000003e-08]
  0%|          | 0/1 [00:00<?, ?it/s]0.9961947877237449
100%|##########| 1/1 [00:00<00:00, 33.11it/s]
04-12 13:36:41 Train-Loss Source Classifier: 1.1774
04-12 13:36:41 Train-Loss Discriminator: 0.6556
04-12 13:36:41 Train-Acc Source Data: 0.6641
04-12 13:36:41 Train-Acc Discriminator: 0.5195
  0%|          | 0/2 [00:00<?, ?it/s]100%|##########| 2/2 [00:00<00:00, 111.61it/s]
04-12 13:36:41 Val-Acc Target Data: 0.8320
04-12 13:36:41 The best model epoch 32, val-acc 0.8477
04-12 13:36:41 -----Epoch 64/100-----
04-12 13:36:41 current lr: [6.400000000000003e-08, 6.400000000000003e-08]
  0%|          | 0/1 [00:00<?, ?it/s]0.9965597488095617
100%|##########| 1/1 [00:00<00:00, 30.74it/s]
04-12 13:36:41 Train-Loss Source Classifier: 1.1958
04-12 13:36:41 Train-Loss Discriminator: 0.6512
04-12 13:36:41 Train-Acc Source Data: 0.5859
04-12 13:36:41 Train-Acc Discriminator: 0.5273
  0%|          | 0/2 [00:00<?, ?it/s]100%|##########| 2/2 [00:00<00:00, 111.54it/s]
04-12 13:36:41 Val-Acc Target Data: 0.8281
04-12 13:36:41 The best model epoch 32, val-acc 0.8477
04-12 13:36:41 -----Epoch 65/100-----
04-12 13:36:41 current lr: [6.400000000000003e-08, 6.400000000000003e-08]
  0%|          | 0/1 [00:00<?, ?it/s]0.9968897607117282
100%|##########| 1/1 [00:00<00:00, 27.71it/s]
04-12 13:36:41 Train-Loss Source Classifier: 1.1810
04-12 13:36:41 Train-Loss Discriminator: 0.6532
04-12 13:36:41 Train-Acc Source Data: 0.6328
04-12 13:36:41 Train-Acc Discriminator: 0.5156
  0%|          | 0/2 [00:00<?, ?it/s]100%|##########| 2/2 [00:00<00:00, 111.56it/s]
04-12 13:36:41 Val-Acc Target Data: 0.8281
04-12 13:36:41 The best model epoch 32, val-acc 0.8477
04-12 13:36:41 -----Epoch 66/100-----
04-12 13:36:41 current lr: [6.400000000000003e-08, 6.400000000000003e-08]
  0%|          | 0/1 [00:00<?, ?it/s]0.9971881602489825
100%|##########| 1/1 [00:00<00:00, 28.31it/s]
04-12 13:36:41 Train-Loss Source Classifier: 1.1714
04-12 13:36:41 Train-Loss Discriminator: 0.6535
04-12 13:36:41 Train-Acc Source Data: 0.6797
04-12 13:36:41 Train-Acc Discriminator: 0.5195
  0%|          | 0/2 [00:00<?, ?it/s]100%|##########| 2/2 [00:00<00:00, 94.88it/s]
