04-11 09:53:02 imba: True
04-11 09:53:02 model_name: ACDANN
04-11 09:53:02 Domain: JNU
04-11 09:53:02 source: JNU_0
04-11 09:53:02 target: JNU_1
04-11 09:53:02 data_dir: ./datasets
04-11 09:53:02 train_mode: single_source
04-11 09:53:02 cuda_device: 0
04-11 09:53:02 save_dir: ./ckpt
04-11 09:53:02 max_epoch: 30
04-11 09:53:02 batch_size: 64
04-11 09:53:02 num_workers: 0
04-11 09:53:02 signal_size: 2048
04-11 09:53:02 random_state: 2024
04-11 09:53:02 normlizetype: mean-std
04-11 09:53:02 opt: sgd
04-11 09:53:02 lr: 0.01
04-11 09:53:02 momentum: 0.9
04-11 09:53:02 betas: (0.9, 0.999)
04-11 09:53:02 weight_decay: 0.0005
04-11 09:53:02 lr_scheduler: stepLR
04-11 09:53:02 gamma: 0.2
04-11 09:53:02 steps: 10
04-11 09:53:02 tradeoff: ['exp', 'exp', 'exp']
04-11 09:53:02 dropout: 0.0
04-11 09:53:02 save: False
04-11 09:53:02 load_path: 
04-11 09:53:02 save_path: ./ckpt/ACDANN/single_source/[JNU_0]To[JNU_1]_0411-095302
04-11 09:53:02 Detect 4 classes: ['ball', 'inner', 'normal', 'outer']
04-11 09:53:02 using 1 / 1 gpus
Training data length: 1461
Testing data length: 732
Source Data Distribution:
+--------------+---------+
| Label        |   Count |
|--------------+---------|
| 0            |     365 |
| 1            |     365 |
| 2            |     365 |
| 3            |     365 |
| Dataset Size |    1460 |
+--------------+---------+
04-11 09:53:12 Source set JNU_0 number of samples 1460.
Training data length: 1461
Testing data length: 732
Target Data Distribution:04-11 09:53:19 target training set number of samples 249.
04-11 09:53:19 target validation set number of samples 488.

+--------------+---------+-------+
|              |   train |   val |
|--------------+---------+-------|
| 0            |       2 |   122 |
| 1            |       2 |   122 |
| 2            |     243 |   122 |
| 3            |       2 |   122 |
| Dataset Size |     249 |   488 |
+--------------+---------+-------+
04-11 09:53:19 -----Epoch 1/30-----
04-11 09:53:19 current lr: [0.01, 0.01]
  0%|          | 0/3 [00:00<?, ?it/s]100%|##########| 3/3 [00:00<00:00, 25.29it/s]100%|##########| 3/3 [00:00<00:00, 25.24it/s]
04-11 09:53:20 Train-Loss Source Classifier: 1.3970
04-11 09:53:20 Train-Loss Discriminator: 0.6957
04-11 09:53:20 Train-Acc Source Data: 0.2188
04-11 09:53:20 Train-Acc Discriminator: 0.5000
  0%|          | 0/7 [00:00<?, ?it/s]100%|##########| 7/7 [00:00<00:00, 165.76it/s]
04-11 09:53:20 Val-Acc Target Data: 0.2723
04-11 09:53:20 The best model epoch 1, val-acc 0.2723
04-11 09:53:20 -----Epoch 2/30-----
04-11 09:53:20 current lr: [0.01, 0.01]
  0%|          | 0/3 [00:00<?, ?it/s]100%|##########| 3/3 [00:00<00:00, 35.64it/s]
04-11 09:53:20 Train-Loss Source Classifier: 1.2202
04-11 09:53:20 Train-Loss Discriminator: 0.6928
04-11 09:53:20 Train-Acc Source Data: 0.4115
04-11 09:53:20 Train-Acc Discriminator: 0.4714
  0%|          | 0/7 [00:00<?, ?it/s]100%|##########| 7/7 [00:00<00:00, 164.93it/s]
04-11 09:53:20 Val-Acc Target Data: 0.3170
04-11 09:53:20 The best model epoch 2, val-acc 0.3170
04-11 09:53:20 -----Epoch 3/30-----
04-11 09:53:20 current lr: [0.01, 0.01]
  0%|          | 0/3 [00:00<?, ?it/s]100%|##########| 3/3 [00:00<00:00, 34.79it/s]
04-11 09:53:20 Train-Loss Source Classifier: 1.1426
04-11 09:53:20 Train-Loss Discriminator: 0.6745
04-11 09:53:20 Train-Acc Source Data: 0.5365
04-11 09:53:20 Train-Acc Discriminator: 0.5911
  0%|          | 0/7 [00:00<?, ?it/s]100%|##########| 7/7 [00:00<00:00, 156.85it/s]
04-11 09:53:20 Val-Acc Target Data: 0.3058
04-11 09:53:20 The best model epoch 2, val-acc 0.3170
04-11 09:53:20 -----Epoch 4/30-----
04-11 09:53:20 current lr: [0.01, 0.01]
  0%|          | 0/3 [00:00<?, ?it/s]100%|##########| 3/3 [00:00<00:00, 37.33it/s]
04-11 09:53:20 Train-Loss Source Classifier: 0.9449
04-11 09:53:20 Train-Loss Discriminator: 0.6042
04-11 09:53:20 Train-Acc Source Data: 0.5729
04-11 09:53:20 Train-Acc Discriminator: 0.7917
  0%|          | 0/7 [00:00<?, ?it/s]100%|##########| 7/7 [00:00<00:00, 168.47it/s]
04-11 09:53:20 Val-Acc Target Data: 0.4196
04-11 09:53:20 The best model epoch 4, val-acc 0.4196
04-11 09:53:20 -----Epoch 5/30-----
04-11 09:53:20 current lr: [0.01, 0.01]
  0%|          | 0/3 [00:00<?, ?it/s]100%|##########| 3/3 [00:00<00:00, 35.91it/s]
04-11 09:53:20 Train-Loss Source Classifier: 0.9249
04-11 09:53:20 Train-Loss Discriminator: 0.5554
04-11 09:53:20 Train-Acc Source Data: 0.5365
04-11 09:53:20 Train-Acc Discriminator: 0.7500
  0%|          | 0/7 [00:00<?, ?it/s]100%|##########| 7/7 [00:00<00:00, 164.03it/s]
04-11 09:53:20 Val-Acc Target Data: 0.4576
04-11 09:53:20 The best model epoch 5, val-acc 0.4576
04-11 09:53:20 -----Epoch 6/30-----
04-11 09:53:20 current lr: [0.01, 0.01]
  0%|          | 0/3 [00:00<?, ?it/s]100%|##########| 3/3 [00:00<00:00, 37.99it/s]
04-11 09:53:20 Train-Loss Source Classifier: 0.8772
04-11 09:53:20 Train-Loss Discriminator: 0.5002
04-11 09:53:20 Train-Acc Source Data: 0.6146
04-11 09:53:20 Train-Acc Discriminator: 0.7604
  0%|          | 0/7 [00:00<?, ?it/s]100%|##########| 7/7 [00:00<00:00, 168.79it/s]
04-11 09:53:20 Val-Acc Target Data: 0.5670
04-11 09:53:20 The best model epoch 6, val-acc 0.5670
04-11 09:53:20 -----Epoch 7/30-----
04-11 09:53:20 current lr: [0.01, 0.01]
  0%|          | 0/3 [00:00<?, ?it/s]100%|##########| 3/3 [00:00<00:00, 38.77it/s]
04-11 09:53:20 Train-Loss Source Classifier: 0.8177
04-11 09:53:20 Train-Loss Discriminator: 0.5119
04-11 09:53:20 Train-Acc Source Data: 0.6510
04-11 09:53:20 Train-Acc Discriminator: 0.7370
  0%|          | 0/7 [00:00<?, ?it/s]100%|##########| 7/7 [00:00<00:00, 147.73it/s]
04-11 09:53:20 Val-Acc Target Data: 0.3214
04-11 09:53:20 The best model epoch 6, val-acc 0.5670
04-11 09:53:20 -----Epoch 8/30-----
04-11 09:53:20 current lr: [0.01, 0.01]
  0%|          | 0/3 [00:00<?, ?it/s]100%|##########| 3/3 [00:00<00:00, 36.56it/s]
04-11 09:53:21 Train-Loss Source Classifier: 0.8217
04-11 09:53:21 Train-Loss Discriminator: 0.5204
04-11 09:53:21 Train-Acc Source Data: 0.5885
04-11 09:53:21 Train-Acc Discriminator: 0.7552
  0%|          | 0/7 [00:00<?, ?it/s]100%|##########| 7/7 [00:00<00:00, 162.48it/s]
04-11 09:53:21 Val-Acc Target Data: 0.6719
04-11 09:53:21 The best model epoch 8, val-acc 0.6719
04-11 09:53:21 -----Epoch 9/30-----
04-11 09:53:21 current lr: [0.01, 0.01]
  0%|          | 0/3 [00:00<?, ?it/s]100%|##########| 3/3 [00:00<00:00, 37.82it/s]
04-11 09:53:21 Train-Loss Source Classifier: 1.1101
04-11 09:53:21 Train-Loss Discriminator: 0.7273
04-11 09:53:21 Train-Acc Source Data: 0.5417
04-11 09:53:21 Train-Acc Discriminator: 0.6667
  0%|          | 0/7 [00:00<?, ?it/s]100%|##########| 7/7 [00:00<00:00, 163.94it/s]
04-11 09:53:21 Val-Acc Target Data: 0.6406
04-11 09:53:21 The best model epoch 8, val-acc 0.6719
04-11 09:53:21 -----Epoch 10/30-----
04-11 09:53:21 current lr: [0.01, 0.01]
  0%|          | 0/3 [00:00<?, ?it/s]100%|##########| 3/3 [00:00<00:00, 36.95it/s]
04-11 09:53:21 Train-Loss Source Classifier: 0.7659
04-11 09:53:21 Train-Loss Discriminator: 0.5640
04-11 09:53:21 Train-Acc Source Data: 0.6771
04-11 09:53:21 Train-Acc Discriminator: 0.7396
  0%|          | 0/7 [00:00<?, ?it/s]100%|##########| 7/7 [00:00<00:00, 165.26it/s]
04-11 09:53:21 Val-Acc Target Data: 0.6920
04-11 09:53:21 The best model epoch 10, val-acc 0.6920
04-11 09:53:21 -----Epoch 11/30-----
04-11 09:53:21 current lr: [0.002, 0.002]
  0%|          | 0/3 [00:00<?, ?it/s]100%|##########| 3/3 [00:00<00:00, 37.23it/s]
04-11 09:53:21 Train-Loss Source Classifier: 0.8858
04-11 09:53:21 Train-Loss Discriminator: 0.5899
04-11 09:53:21 Train-Acc Source Data: 0.5365
04-11 09:53:21 Train-Acc Discriminator: 0.5391
  0%|          | 0/7 [00:00<?, ?it/s]100%|##########| 7/7 [00:00<00:00, 165.21it/s]
04-11 09:53:21 Val-Acc Target Data: 0.7344
04-11 09:53:21 The best model epoch 11, val-acc 0.7344
04-11 09:53:21 -----Epoch 12/30-----
04-11 09:53:21 current lr: [0.002, 0.002]
  0%|          | 0/3 [00:00<?, ?it/s]100%|##########| 3/3 [00:00<00:00, 36.90it/s]
04-11 09:53:21 Train-Loss Source Classifier: 0.7562
04-11 09:53:21 Train-Loss Discriminator: 0.5711
04-11 09:53:21 Train-Acc Source Data: 0.6615
04-11 09:53:21 Train-Acc Discriminator: 0.7891
  0%|          | 0/7 [00:00<?, ?it/s]100%|##########| 7/7 [00:00<00:00, 148.68it/s]
04-11 09:53:21 Val-Acc Target Data: 0.7143
04-11 09:53:21 The best model epoch 11, val-acc 0.7344
04-11 09:53:21 -----Epoch 13/30-----
04-11 09:53:21 current lr: [0.002, 0.002]
  0%|          | 0/3 [00:00<?, ?it/s]100%|##########| 3/3 [00:00<00:00, 38.88it/s]
04-11 09:53:21 Train-Loss Source Classifier: 0.7209
04-11 09:53:21 Train-Loss Discriminator: 0.5639
04-11 09:53:21 Train-Acc Source Data: 0.7188
04-11 09:53:21 Train-Acc Discriminator: 0.7578
  0%|          | 0/7 [00:00<?, ?it/s]100%|##########| 7/7 [00:00<00:00, 166.92it/s]
04-11 09:53:21 Val-Acc Target Data: 0.6674
04-11 09:53:21 The best model epoch 11, val-acc 0.7344
04-11 09:53:21 -----Epoch 14/30-----
04-11 09:53:21 current lr: [0.002, 0.002]
  0%|          | 0/3 [00:00<?, ?it/s]100%|##########| 3/3 [00:00<00:00, 38.44it/s]
04-11 09:53:21 Train-Loss Source Classifier: 0.7669
04-11 09:53:21 Train-Loss Discriminator: 0.7236
04-11 09:53:21 Train-Acc Source Data: 0.6510
04-11 09:53:21 Train-Acc Discriminator: 0.4896
  0%|          | 0/7 [00:00<?, ?it/s]100%|##########| 7/7 [00:00<00:00, 167.01it/s]
04-11 09:53:21 Val-Acc Target Data: 0.5938
04-11 09:53:21 The best model epoch 11, val-acc 0.7344
04-11 09:53:21 -----Epoch 15/30-----
04-11 09:53:21 current lr: [0.002, 0.002]
  0%|          | 0/3 [00:00<?, ?it/s]100%|##########| 3/3 [00:00<00:00, 37.07it/s]
04-11 09:53:21 Train-Loss Source Classifier: 0.9563
04-11 09:53:21 Train-Loss Discriminator: 1.0746
04-11 09:53:21 Train-Acc Source Data: 0.5625
04-11 09:53:21 Train-Acc Discriminator: 0.3333
  0%|          | 0/7 [00:00<?, ?it/s]100%|##########| 7/7 [00:00<00:00, 162.34it/s]
04-11 09:53:22 Val-Acc Target Data: 0.5781
04-11 09:53:22 The best model epoch 11, val-acc 0.7344
04-11 09:53:22 -----Epoch 16/30-----
04-11 09:53:22 current lr: [0.002, 0.002]
  0%|          | 0/3 [00:00<?, ?it/s]100%|##########| 3/3 [00:00<00:00, 37.83it/s]
04-11 09:53:22 Train-Loss Source Classifier: 0.8302
04-11 09:53:22 Train-Loss Discriminator: 0.9078
04-11 09:53:22 Train-Acc Source Data: 0.6510
04-11 09:53:22 Train-Acc Discriminator: 0.2214
  0%|          | 0/7 [00:00<?, ?it/s]100%|##########| 7/7 [00:00<00:00, 166.70it/s]
04-11 09:53:22 Val-Acc Target Data: 0.5960
04-11 09:53:22 The best model epoch 11, val-acc 0.7344
04-11 09:53:22 -----Epoch 17/30-----
04-11 09:53:22 current lr: [0.002, 0.002]
  0%|          | 0/3 [00:00<?, ?it/s]100%|##########| 3/3 [00:00<00:00, 37.48it/s]
04-11 09:53:22 Train-Loss Source Classifier: 0.7598
04-11 09:53:22 Train-Loss Discriminator: 0.8185
04-11 09:53:22 Train-Acc Source Data: 0.7292
04-11 09:53:22 Train-Acc Discriminator: 0.5677
  0%|          | 0/7 [00:00<?, ?it/s]100%|##########| 7/7 [00:00<00:00, 165.98it/s]
04-11 09:53:22 Val-Acc Target Data: 0.5000
04-11 09:53:22 The best model epoch 11, val-acc 0.7344
04-11 09:53:22 -----Epoch 18/30-----
04-11 09:53:22 current lr: [0.002, 0.002]
  0%|          | 0/3 [00:00<?, ?it/s]100%|##########| 3/3 [00:00<00:00, 35.91it/s]
04-11 09:53:22 Train-Loss Source Classifier: 0.9362
04-11 09:53:22 Train-Loss Discriminator: 0.7184
04-11 09:53:22 Train-Acc Source Data: 0.6562
04-11 09:53:22 Train-Acc Discriminator: 0.5417
  0%|          | 0/7 [00:00<?, ?it/s]100%|##########| 7/7 [00:00<00:00, 165.77it/s]
04-11 09:53:22 Val-Acc Target Data: 0.5223
04-11 09:53:22 The best model epoch 11, val-acc 0.7344
04-11 09:53:22 -----Epoch 19/30-----
04-11 09:53:22 current lr: [0.002, 0.002]
  0%|          | 0/3 [00:00<?, ?it/s]100%|##########| 3/3 [00:00<00:00, 36.71it/s]
04-11 09:53:22 Train-Loss Source Classifier: 0.6422
04-11 09:53:22 Train-Loss Discriminator: 0.6316
04-11 09:53:22 Train-Acc Source Data: 0.6979
04-11 09:53:22 Train-Acc Discriminator: 0.7552
  0%|          | 0/7 [00:00<?, ?it/s]100%|##########| 7/7 [00:00<00:00, 165.59it/s]
04-11 09:53:22 Val-Acc Target Data: 0.4754
04-11 09:53:22 The best model epoch 11, val-acc 0.7344
04-11 09:53:22 -----Epoch 20/30-----
04-11 09:53:22 current lr: [0.002, 0.002]
  0%|          | 0/3 [00:00<?, ?it/s]100%|##########| 3/3 [00:00<00:00, 36.92it/s]
04-11 09:53:22 Train-Loss Source Classifier: 0.5907
04-11 09:53:22 Train-Loss Discriminator: 0.5892
04-11 09:53:22 Train-Acc Source Data: 0.7135
04-11 09:53:22 Train-Acc Discriminator: 0.8073
  0%|          | 0/7 [00:00<?, ?it/s]100%|##########| 7/7 [00:00<00:00, 165.52it/s]
04-11 09:53:22 Val-Acc Target Data: 0.4665
04-11 09:53:22 The best model epoch 11, val-acc 0.7344
04-11 09:53:22 -----Epoch 21/30-----
04-11 09:53:22 current lr: [0.0004, 0.0004]
  0%|          | 0/3 [00:00<?, ?it/s]100%|##########| 3/3 [00:00<00:00, 37.24it/s]
04-11 09:53:22 Train-Loss Source Classifier: 0.6028
04-11 09:53:22 Train-Loss Discriminator: 0.5409
04-11 09:53:22 Train-Acc Source Data: 0.6667
04-11 09:53:22 Train-Acc Discriminator: 0.8906
  0%|          | 0/7 [00:00<?, ?it/s]100%|##########| 7/7 [00:00<00:00, 165.37it/s]
04-11 09:53:22 Val-Acc Target Data: 0.4621
04-11 09:53:22 The best model epoch 11, val-acc 0.7344
04-11 09:53:22 -----Epoch 22/30-----
04-11 09:53:22 current lr: [0.0004, 0.0004]
  0%|          | 0/3 [00:00<?, ?it/s]100%|##########| 3/3 [00:00<00:00, 36.97it/s]
04-11 09:53:22 Train-Loss Source Classifier: 0.4492
04-11 09:53:22 Train-Loss Discriminator: 0.5413
04-11 09:53:22 Train-Acc Source Data: 0.7812
04-11 09:53:22 Train-Acc Discriminator: 0.8516
  0%|          | 0/7 [00:00<?, ?it/s]100%|##########| 7/7 [00:00<00:00, 165.29it/s]
04-11 09:53:22 Val-Acc Target Data: 0.4844
04-11 09:53:22 The best model epoch 11, val-acc 0.7344
04-11 09:53:22 -----Epoch 23/30-----
04-11 09:53:22 current lr: [0.0004, 0.0004]
  0%|          | 0/3 [00:00<?, ?it/s]100%|##########| 3/3 [00:00<00:00, 37.78it/s]
04-11 09:53:23 Train-Loss Source Classifier: 0.5288
04-11 09:53:23 Train-Loss Discriminator: 0.5307
04-11 09:53:23 Train-Acc Source Data: 0.7344
04-11 09:53:23 Train-Acc Discriminator: 0.8880
  0%|          | 0/7 [00:00<?, ?it/s]100%|##########| 7/7 [00:00<00:00, 165.88it/s]
04-11 09:53:23 Val-Acc Target Data: 0.5089
04-11 09:53:23 The best model epoch 11, val-acc 0.7344
04-11 09:53:23 -----Epoch 24/30-----
04-11 09:53:23 current lr: [0.0004, 0.0004]
  0%|          | 0/3 [00:00<?, ?it/s]100%|##########| 3/3 [00:00<00:00, 35.32it/s]
04-11 09:53:23 Train-Loss Source Classifier: 0.4672
04-11 09:53:23 Train-Loss Discriminator: 0.5347
04-11 09:53:23 Train-Acc Source Data: 0.8125
04-11 09:53:23 Train-Acc Discriminator: 0.8620
  0%|          | 0/7 [00:00<?, ?it/s]100%|##########| 7/7 [00:00<00:00, 163.87it/s]
04-11 09:53:23 Val-Acc Target Data: 0.5268
04-11 09:53:23 The best model epoch 11, val-acc 0.7344
04-11 09:53:23 -----Epoch 25/30-----
04-11 09:53:23 current lr: [0.0004, 0.0004]
  0%|          | 0/3 [00:00<?, ?it/s]100%|##########| 3/3 [00:00<00:00, 36.89it/s]
04-11 09:53:23 Train-Loss Source Classifier: 0.4404
04-11 09:53:23 Train-Loss Discriminator: 0.5779
04-11 09:53:23 Train-Acc Source Data: 0.8073
04-11 09:53:23 Train-Acc Discriminator: 0.7396
  0%|          | 0/7 [00:00<?, ?it/s]100%|##########| 7/7 [00:00<00:00, 164.91it/s]
04-11 09:53:23 Val-Acc Target Data: 0.5603
04-11 09:53:23 The best model epoch 11, val-acc 0.7344
04-11 09:53:23 -----Epoch 26/30-----
04-11 09:53:23 current lr: [0.0004, 0.0004]
  0%|          | 0/3 [00:00<?, ?it/s]100%|##########| 3/3 [00:00<00:00, 37.78it/s]
04-11 09:53:23 Train-Loss Source Classifier: 0.4983
04-11 09:53:23 Train-Loss Discriminator: 0.5769
04-11 09:53:23 Train-Acc Source Data: 0.8177
04-11 09:53:23 Train-Acc Discriminator: 0.7109
  0%|          | 0/7 [00:00<?, ?it/s]100%|##########| 7/7 [00:00<00:00, 165.52it/s]
04-11 09:53:23 Val-Acc Target Data: 0.5938
04-11 09:53:23 The best model epoch 11, val-acc 0.7344
04-11 09:53:23 -----Epoch 27/30-----
04-11 09:53:23 current lr: [0.0004, 0.0004]
  0%|          | 0/3 [00:00<?, ?it/s]100%|##########| 3/3 [00:00<00:00, 37.41it/s]
04-11 09:53:23 Train-Loss Source Classifier: 0.4436
04-11 09:53:23 Train-Loss Discriminator: 0.6269
04-11 09:53:23 Train-Acc Source Data: 0.8750
04-11 09:53:23 Train-Acc Discriminator: 0.5182
  0%|          | 0/7 [00:00<?, ?it/s]100%|##########| 7/7 [00:00<00:00, 162.75it/s]
04-11 09:53:23 Val-Acc Target Data: 0.6138
04-11 09:53:23 The best model epoch 11, val-acc 0.7344
04-11 09:53:23 -----Epoch 28/30-----
04-11 09:53:23 current lr: [0.0004, 0.0004]
  0%|          | 0/3 [00:00<?, ?it/s]100%|##########| 3/3 [00:00<00:00, 35.97it/s]
04-11 09:53:23 Train-Loss Source Classifier: 0.5003
04-11 09:53:23 Train-Loss Discriminator: 0.6696
04-11 09:53:23 Train-Acc Source Data: 0.8594
04-11 09:53:23 Train-Acc Discriminator: 0.4479
  0%|          | 0/7 [00:00<?, ?it/s]100%|##########| 7/7 [00:00<00:00, 161.46it/s]
04-11 09:53:23 Val-Acc Target Data: 0.6116
04-11 09:53:23 The best model epoch 11, val-acc 0.7344
04-11 09:53:23 -----Epoch 29/30-----
04-11 09:53:23 current lr: [0.0004, 0.0004]
  0%|          | 0/3 [00:00<?, ?it/s]100%|##########| 3/3 [00:00<00:00, 38.05it/s]
04-11 09:53:23 Train-Loss Source Classifier: 0.5714
04-11 09:53:23 Train-Loss Discriminator: 0.6456
04-11 09:53:23 Train-Acc Source Data: 0.8177
04-11 09:53:23 Train-Acc Discriminator: 0.4844
  0%|          | 0/7 [00:00<?, ?it/s]100%|##########| 7/7 [00:00<00:00, 164.93it/s]
04-11 09:53:23 Val-Acc Target Data: 0.6183
04-11 09:53:23 The best model epoch 11, val-acc 0.7344
04-11 09:53:23 -----Epoch 30/30-----
04-11 09:53:23 current lr: [0.0004, 0.0004]
  0%|          | 0/3 [00:00<?, ?it/s]100%|##########| 3/3 [00:00<00:00, 37.21it/s]
04-11 09:53:24 Train-Loss Source Classifier: 0.4874
04-11 09:53:24 Train-Loss Discriminator: 0.6797
04-11 09:53:24 Train-Acc Source Data: 0.8854
04-11 09:53:24 Train-Acc Discriminator: 0.4115
  0%|          | 0/7 [00:00<?, ?it/s]100%|##########| 7/7 [00:00<00:00, 163.76it/s]
04-11 09:53:24 Val-Acc Target Data: 0.6205
04-11 09:53:24 The best model epoch 11, val-acc 0.7344
