04-14 10:26:27 imba: True
04-14 10:26:27 model_name: ACDANN
04-14 10:26:27 Domain: JNU_imba
04-14 10:26:27 source: JNU_0
04-14 10:26:27 target: JNU_2
04-14 10:26:27 data_dir: ./datasets
04-14 10:26:27 train_mode: single_source
04-14 10:26:27 cuda_device: 0
04-14 10:26:27 save_dir: ./ckpt/ACDANN/single_source
04-14 10:26:27 max_epoch: 100
04-14 10:26:27 batch_size: 64
04-14 10:26:27 num_workers: 0
04-14 10:26:27 signal_size: 2048
04-14 10:26:27 random_state: 75
04-14 10:26:27 normlizetype: mean-std
04-14 10:26:27 opt: sgd
04-14 10:26:27 lr: 0.001
04-14 10:26:27 momentum: 0.9
04-14 10:26:27 betas: (0.9, 0.999)
04-14 10:26:27 weight_decay: 0.0005
04-14 10:26:27 lr_scheduler: stepLR
04-14 10:26:27 gamma: 0.2
04-14 10:26:27 steps: 10
04-14 10:26:27 tradeoff: ['exp', 'exp', 'exp']
04-14 10:26:27 dropout: 0.0
04-14 10:26:27 save: False
04-14 10:26:27 load_path: 
04-14 10:26:27 tsne: False
04-14 10:26:27 save_path: ./ckpt/ACDANN/single_source/[JNU_0]To[JNU_2]_0414-102627
04-14 10:26:27 Detect 4 classes: ['1normal', 'ball', 'inner', 'outer']
04-14 10:26:27 using 1 / 1 gpus
Loading source: JNU, Condition: 0
04-14 10:26:38 Source set JNU_0 number of samples 976.
Source Data Distribution:
+--------------+---------+
| Label        |   Count |
|--------------+---------|
| 0            |     244 |
| 1            |     244 |
| 2            |     244 |
| 3            |     244 |
| Dataset Size |     976 |
+--------------+---------+
Setting up target: JNU, Condition: 2
Target Data Distribution:
04-14 10:26:45 target training set number of samples 125.
+--------------+---------+-------+
|              |   train |   val |
|--------------+---------+-------|
| 0            |     122 |   122 |
| 1            |       1 |   122 |
| 2            |       1 |   122 |
| 3            |       1 |   122 |
| Dataset Size |     125 |   488 |
+--------------+---------+-------+
04-14 10:26:45 target validation set number of samples 488.
04-14 10:26:45 -----Epoch 1/100-----
04-14 10:26:45 current lr: [0.001, 0.001]
  0%|          | 0/1 [00:00<?, ?it/s]100%|##########| 1/1 [00:00<00:00, 14.69it/s]
04-14 10:26:45 Train-Loss Source Classifier: 1.4022
04-14 10:26:45 Train-Loss Discriminator: 0.6903
04-14 10:26:45 Train-Acc Source Data: 0.2188
04-14 10:26:45 Train-Acc Discriminator: 0.5625
  0%|          | 0/8 [00:00<?, ?it/s]100%|##########| 8/8 [00:00<00:00, 160.49it/s]
04-14 10:26:45 Val-Acc Target Data: 0.2383
04-14 10:26:45 The best model epoch 1, val-acc 0.2383
04-14 10:26:45 -----Epoch 2/100-----
04-14 10:26:45 current lr: [0.001, 0.001]
  0%|          | 0/1 [00:00<?, ?it/s]100%|##########| 1/1 [00:00<00:00, 36.27it/s]
04-14 10:26:45 Train-Loss Source Classifier: 1.4484
04-14 10:26:45 Train-Loss Discriminator: 0.6900
04-14 10:26:45 Train-Acc Source Data: 0.2344
04-14 10:26:45 Train-Acc Discriminator: 0.5625
  0%|          | 0/8 [00:00<?, ?it/s]100%|##########| 8/8 [00:00<00:00, 163.25it/s]
04-14 10:26:45 Val-Acc Target Data: 0.2383
04-14 10:26:45 The best model epoch 2, val-acc 0.2383
04-14 10:26:45 -----Epoch 3/100-----
04-14 10:26:45 current lr: [0.001, 0.001]
  0%|          | 0/1 [00:00<?, ?it/s]100%|##########| 1/1 [00:00<00:00, 38.07it/s]
04-14 10:26:45 Train-Loss Source Classifier: 1.3801
04-14 10:26:45 Train-Loss Discriminator: 0.6895
04-14 10:26:45 Train-Acc Source Data: 0.2812
04-14 10:26:45 Train-Acc Discriminator: 0.6250
  0%|          | 0/8 [00:00<?, ?it/s]100%|##########| 8/8 [00:00<00:00, 162.00it/s]
04-14 10:26:45 Val-Acc Target Data: 0.2383
04-14 10:26:45 The best model epoch 3, val-acc 0.2383
04-14 10:26:45 -----Epoch 4/100-----
04-14 10:26:45 current lr: [0.001, 0.001]
  0%|          | 0/1 [00:00<?, ?it/s]100%|##########| 1/1 [00:00<00:00, 35.28it/s]
04-14 10:26:46 Train-Loss Source Classifier: 1.3715
04-14 10:26:46 Train-Loss Discriminator: 0.6939
04-14 10:26:46 Train-Acc Source Data: 0.1875
04-14 10:26:46 Train-Acc Discriminator: 0.5469
  0%|          | 0/8 [00:00<?, ?it/s]100%|##########| 8/8 [00:00<00:00, 163.10it/s]
04-14 10:26:46 Val-Acc Target Data: 0.2383
04-14 10:26:46 The best model epoch 4, val-acc 0.2383
04-14 10:26:46 -----Epoch 5/100-----
04-14 10:26:46 current lr: [0.001, 0.001]
  0%|          | 0/1 [00:00<?, ?it/s]100%|##########| 1/1 [00:00<00:00, 35.46it/s]
04-14 10:26:46 Train-Loss Source Classifier: 1.4163
04-14 10:26:46 Train-Loss Discriminator: 0.6893
04-14 10:26:46 Train-Acc Source Data: 0.1562
04-14 10:26:46 Train-Acc Discriminator: 0.6250
  0%|          | 0/8 [00:00<?, ?it/s]100%|##########| 8/8 [00:00<00:00, 154.45it/s]
04-14 10:26:46 Val-Acc Target Data: 0.2383
04-14 10:26:46 The best model epoch 5, val-acc 0.2383
04-14 10:26:46 -----Epoch 6/100-----
04-14 10:26:46 current lr: [0.001, 0.001]
  0%|          | 0/1 [00:00<?, ?it/s]100%|##########| 1/1 [00:00<00:00, 36.30it/s]
04-14 10:26:46 Train-Loss Source Classifier: 1.3511
04-14 10:26:46 Train-Loss Discriminator: 0.6904
04-14 10:26:46 Train-Acc Source Data: 0.2500
04-14 10:26:46 Train-Acc Discriminator: 0.6094
  0%|          | 0/8 [00:00<?, ?it/s]100%|##########| 8/8 [00:00<00:00, 163.32it/s]
04-14 10:26:46 Val-Acc Target Data: 0.2383
04-14 10:26:46 The best model epoch 6, val-acc 0.2383
04-14 10:26:46 -----Epoch 7/100-----
04-14 10:26:46 current lr: [0.001, 0.001]
  0%|          | 0/1 [00:00<?, ?it/s]100%|##########| 1/1 [00:00<00:00, 41.81it/s]
04-14 10:26:46 Train-Loss Source Classifier: 1.3773
04-14 10:26:46 Train-Loss Discriminator: 0.6914
04-14 10:26:46 Train-Acc Source Data: 0.1719
04-14 10:26:46 Train-Acc Discriminator: 0.5781
  0%|          | 0/8 [00:00<?, ?it/s]100%|##########| 8/8 [00:00<00:00, 160.58it/s]
04-14 10:26:46 Val-Acc Target Data: 0.2383
04-14 10:26:46 The best model epoch 7, val-acc 0.2383
04-14 10:26:46 -----Epoch 8/100-----
04-14 10:26:46 current lr: [0.001, 0.001]
  0%|          | 0/1 [00:00<?, ?it/s]100%|##########| 1/1 [00:00<00:00, 39.52it/s]
04-14 10:26:46 Train-Loss Source Classifier: 1.3577
04-14 10:26:46 Train-Loss Discriminator: 0.6905
04-14 10:26:46 Train-Acc Source Data: 0.2031
04-14 10:26:46 Train-Acc Discriminator: 0.6172
  0%|          | 0/8 [00:00<?, ?it/s]100%|##########| 8/8 [00:00<00:00, 163.41it/s]
04-14 10:26:46 Val-Acc Target Data: 0.2383
04-14 10:26:46 The best model epoch 8, val-acc 0.2383
04-14 10:26:46 -----Epoch 9/100-----
04-14 10:26:46 current lr: [0.001, 0.001]
  0%|          | 0/1 [00:00<?, ?it/s]100%|##########| 1/1 [00:00<00:00, 37.66it/s]
04-14 10:26:46 Train-Loss Source Classifier: 1.3673
04-14 10:26:46 Train-Loss Discriminator: 0.6905
04-14 10:26:46 Train-Acc Source Data: 0.1719
04-14 10:26:46 Train-Acc Discriminator: 0.5703
  0%|          | 0/8 [00:00<?, ?it/s]100%|##########| 8/8 [00:00<00:00, 162.19it/s]
04-14 10:26:46 Val-Acc Target Data: 0.2383
04-14 10:26:46 The best model epoch 9, val-acc 0.2383
04-14 10:26:46 -----Epoch 10/100-----
04-14 10:26:46 current lr: [0.001, 0.001]
  0%|          | 0/1 [00:00<?, ?it/s]100%|##########| 1/1 [00:00<00:00, 37.84it/s]
04-14 10:26:46 Train-Loss Source Classifier: 1.2476
04-14 10:26:46 Train-Loss Discriminator: 0.6839
04-14 10:26:46 Train-Acc Source Data: 0.3438
04-14 10:26:46 Train-Acc Discriminator: 0.7500
  0%|          | 0/8 [00:00<?, ?it/s]100%|##########| 8/8 [00:00<00:00, 151.49it/s]
04-14 10:26:46 Val-Acc Target Data: 0.2441
04-14 10:26:46 The best model epoch 10, val-acc 0.2441
04-14 10:26:46 -----Epoch 11/100-----
04-14 10:26:46 current lr: [0.0002, 0.0002]
  0%|          | 0/1 [00:00<?, ?it/s]100%|##########| 1/1 [00:00<00:00, 39.46it/s]
04-14 10:26:46 Train-Loss Source Classifier: 1.3131
04-14 10:26:46 Train-Loss Discriminator: 0.6884
04-14 10:26:46 Train-Acc Source Data: 0.2188
04-14 10:26:46 Train-Acc Discriminator: 0.6016
  0%|          | 0/8 [00:00<?, ?it/s]100%|##########| 8/8 [00:00<00:00, 160.29it/s]
04-14 10:26:46 Val-Acc Target Data: 0.2793
04-14 10:26:46 The best model epoch 11, val-acc 0.2793
04-14 10:26:46 -----Epoch 12/100-----
04-14 10:26:46 current lr: [0.0002, 0.0002]
  0%|          | 0/1 [00:00<?, ?it/s]100%|##########| 1/1 [00:00<00:00, 38.08it/s]
04-14 10:26:46 Train-Loss Source Classifier: 1.2857
04-14 10:26:46 Train-Loss Discriminator: 0.6839
04-14 10:26:46 Train-Acc Source Data: 0.2344
04-14 10:26:46 Train-Acc Discriminator: 0.6953
  0%|          | 0/8 [00:00<?, ?it/s]100%|##########| 8/8 [00:00<00:00, 160.04it/s]
04-14 10:26:46 Val-Acc Target Data: 0.3691
04-14 10:26:46 The best model epoch 12, val-acc 0.3691
04-14 10:26:46 -----Epoch 13/100-----
04-14 10:26:46 current lr: [0.0002, 0.0002]
  0%|          | 0/1 [00:00<?, ?it/s]100%|##########| 1/1 [00:00<00:00, 37.85it/s]
04-14 10:26:46 Train-Loss Source Classifier: 1.2924
04-14 10:26:46 Train-Loss Discriminator: 0.6868
04-14 10:26:46 Train-Acc Source Data: 0.2500
04-14 10:26:46 Train-Acc Discriminator: 0.6094
  0%|          | 0/8 [00:00<?, ?it/s]100%|##########| 8/8 [00:00<00:00, 160.14it/s]
04-14 10:26:46 Val-Acc Target Data: 0.4199
04-14 10:26:46 The best model epoch 13, val-acc 0.4199
04-14 10:26:46 -----Epoch 14/100-----
04-14 10:26:46 current lr: [0.0002, 0.0002]
  0%|          | 0/1 [00:00<?, ?it/s]100%|##########| 1/1 [00:00<00:00, 35.37it/s]
04-14 10:26:46 Train-Loss Source Classifier: 1.2585
04-14 10:26:46 Train-Loss Discriminator: 0.6846
04-14 10:26:46 Train-Acc Source Data: 0.2812
04-14 10:26:46 Train-Acc Discriminator: 0.6797
  0%|          | 0/8 [00:00<?, ?it/s]100%|##########| 8/8 [00:00<00:00, 152.66it/s]
04-14 10:26:46 Val-Acc Target Data: 0.4562
04-14 10:26:46 The best model epoch 14, val-acc 0.4562
04-14 10:26:46 -----Epoch 15/100-----
04-14 10:26:46 current lr: [0.0002, 0.0002]
  0%|          | 0/1 [00:00<?, ?it/s]100%|##########| 1/1 [00:00<00:00, 37.56it/s]
04-14 10:26:46 Train-Loss Source Classifier: 1.2564
04-14 10:26:46 Train-Loss Discriminator: 0.6820
04-14 10:26:46 Train-Acc Source Data: 0.2656
04-14 10:26:46 Train-Acc Discriminator: 0.6953
  0%|          | 0/8 [00:00<?, ?it/s]100%|##########| 8/8 [00:00<00:00, 162.76it/s]
04-14 10:26:46 Val-Acc Target Data: 0.4723
04-14 10:26:46 The best model epoch 15, val-acc 0.4723
04-14 10:26:46 -----Epoch 16/100-----
04-14 10:26:46 current lr: [0.0002, 0.0002]
  0%|          | 0/1 [00:00<?, ?it/s]100%|##########| 1/1 [00:00<00:00, 36.68it/s]
04-14 10:26:47 Train-Loss Source Classifier: 1.2328
04-14 10:26:47 Train-Loss Discriminator: 0.6823
04-14 10:26:47 Train-Acc Source Data: 0.2656
04-14 10:26:47 Train-Acc Discriminator: 0.6875
  0%|          | 0/8 [00:00<?, ?it/s]100%|##########| 8/8 [00:00<00:00, 162.68it/s]
04-14 10:26:47 Val-Acc Target Data: 0.4781
04-14 10:26:47 The best model epoch 16, val-acc 0.4781
04-14 10:26:47 -----Epoch 17/100-----
04-14 10:26:47 current lr: [0.0002, 0.0002]
  0%|          | 0/1 [00:00<?, ?it/s]100%|##########| 1/1 [00:00<00:00, 36.87it/s]
04-14 10:26:47 Train-Loss Source Classifier: 1.2020
04-14 10:26:47 Train-Loss Discriminator: 0.6861
04-14 10:26:47 Train-Acc Source Data: 0.4062
04-14 10:26:47 Train-Acc Discriminator: 0.5781
  0%|          | 0/8 [00:00<?, ?it/s]100%|##########| 8/8 [00:00<00:00, 162.80it/s]
04-14 10:26:47 Val-Acc Target Data: 0.4781
04-14 10:26:47 The best model epoch 17, val-acc 0.4781
04-14 10:26:47 -----Epoch 18/100-----
04-14 10:26:47 current lr: [0.0002, 0.0002]
  0%|          | 0/1 [00:00<?, ?it/s]100%|##########| 1/1 [00:00<00:00, 37.13it/s]
04-14 10:26:47 Train-Loss Source Classifier: 1.2426
04-14 10:26:47 Train-Loss Discriminator: 0.6840
04-14 10:26:47 Train-Acc Source Data: 0.3125
04-14 10:26:47 Train-Acc Discriminator: 0.7031
  0%|          | 0/8 [00:00<?, ?it/s]100%|##########| 8/8 [00:00<00:00, 147.40it/s]
04-14 10:26:47 Val-Acc Target Data: 0.4820
04-14 10:26:47 The best model epoch 18, val-acc 0.4820
04-14 10:26:47 -----Epoch 19/100-----
04-14 10:26:47 current lr: [0.0002, 0.0002]
  0%|          | 0/1 [00:00<?, ?it/s]100%|##########| 1/1 [00:00<00:00, 37.54it/s]
04-14 10:26:47 Train-Loss Source Classifier: 1.2765
04-14 10:26:47 Train-Loss Discriminator: 0.6812
04-14 10:26:47 Train-Acc Source Data: 0.2656
04-14 10:26:47 Train-Acc Discriminator: 0.6484
  0%|          | 0/8 [00:00<?, ?it/s]100%|##########| 8/8 [00:00<00:00, 162.17it/s]
04-14 10:26:47 Val-Acc Target Data: 0.4820
04-14 10:26:47 The best model epoch 19, val-acc 0.4820
04-14 10:26:47 -----Epoch 20/100-----
04-14 10:26:47 current lr: [0.0002, 0.0002]
  0%|          | 0/1 [00:00<?, ?it/s]100%|##########| 1/1 [00:00<00:00, 39.31it/s]
04-14 10:26:47 Train-Loss Source Classifier: 1.2578
04-14 10:26:47 Train-Loss Discriminator: 0.6785
04-14 10:26:47 Train-Acc Source Data: 0.2969
04-14 10:26:47 Train-Acc Discriminator: 0.6797
  0%|          | 0/8 [00:00<?, ?it/s]100%|##########| 8/8 [00:00<00:00, 162.81it/s]
04-14 10:26:47 Val-Acc Target Data: 0.4801
04-14 10:26:47 The best model epoch 19, val-acc 0.4820
04-14 10:26:47 -----Epoch 21/100-----
04-14 10:26:47 current lr: [4e-05, 4e-05]
  0%|          | 0/1 [00:00<?, ?it/s]100%|##########| 1/1 [00:00<00:00, 29.96it/s]
04-14 10:26:47 Train-Loss Source Classifier: 1.2375
04-14 10:26:47 Train-Loss Discriminator: 0.6857
04-14 10:26:47 Train-Acc Source Data: 0.4219
04-14 10:26:47 Train-Acc Discriminator: 0.5469
  0%|          | 0/8 [00:00<?, ?it/s]100%|##########| 8/8 [00:00<00:00, 156.13it/s]
04-14 10:26:47 Val-Acc Target Data: 0.4730
04-14 10:26:47 The best model epoch 19, val-acc 0.4820
04-14 10:26:47 -----Epoch 22/100-----
04-14 10:26:47 current lr: [4e-05, 4e-05]
  0%|          | 0/1 [00:00<?, ?it/s]100%|##########| 1/1 [00:00<00:00, 49.03it/s]
04-14 10:26:47 Train-Loss Source Classifier: 1.1962
04-14 10:26:47 Train-Loss Discriminator: 0.6793
04-14 10:26:47 Train-Acc Source Data: 0.4375
04-14 10:26:47 Train-Acc Discriminator: 0.6016
  0%|          | 0/8 [00:00<?, ?it/s]100%|##########| 8/8 [00:00<00:00, 159.93it/s]
04-14 10:26:47 Val-Acc Target Data: 0.4641
04-14 10:26:47 The best model epoch 19, val-acc 0.4820
04-14 10:26:47 -----Epoch 23/100-----
04-14 10:26:47 current lr: [4e-05, 4e-05]
  0%|          | 0/1 [00:00<?, ?it/s]100%|##########| 1/1 [00:00<00:00, 32.09it/s]
04-14 10:26:47 Train-Loss Source Classifier: 1.2580
04-14 10:26:47 Train-Loss Discriminator: 0.6789
04-14 10:26:47 Train-Acc Source Data: 0.3438
04-14 10:26:47 Train-Acc Discriminator: 0.6797
  0%|          | 0/8 [00:00<?, ?it/s]100%|##########| 8/8 [00:00<00:00, 162.07it/s]
04-14 10:26:47 Val-Acc Target Data: 0.4621
04-14 10:26:47 The best model epoch 19, val-acc 0.4820
04-14 10:26:47 -----Epoch 24/100-----
04-14 10:26:47 current lr: [4e-05, 4e-05]
  0%|          | 0/1 [00:00<?, ?it/s]100%|##########| 1/1 [00:00<00:00, 46.07it/s]
04-14 10:26:47 Train-Loss Source Classifier: 1.2715
04-14 10:26:47 Train-Loss Discriminator: 0.6775
04-14 10:26:47 Train-Acc Source Data: 0.3594
04-14 10:26:47 Train-Acc Discriminator: 0.6562
  0%|          | 0/8 [00:00<?, ?it/s]100%|##########| 8/8 [00:00<00:00, 163.96it/s]
04-14 10:26:47 Val-Acc Target Data: 0.4602
04-14 10:26:47 The best model epoch 19, val-acc 0.4820
04-14 10:26:47 -----Epoch 25/100-----
04-14 10:26:47 current lr: [4e-05, 4e-05]
  0%|          | 0/1 [00:00<?, ?it/s]100%|##########| 1/1 [00:00<00:00, 35.99it/s]
04-14 10:26:47 Train-Loss Source Classifier: 1.1592
04-14 10:26:47 Train-Loss Discriminator: 0.6764
04-14 10:26:47 Train-Acc Source Data: 0.4375
04-14 10:26:47 Train-Acc Discriminator: 0.7109
  0%|          | 0/8 [00:00<?, ?it/s]100%|##########| 8/8 [00:00<00:00, 164.47it/s]
04-14 10:26:47 Val-Acc Target Data: 0.4484
04-14 10:26:47 The best model epoch 19, val-acc 0.4820
04-14 10:26:47 -----Epoch 26/100-----
04-14 10:26:47 current lr: [4e-05, 4e-05]
  0%|          | 0/1 [00:00<?, ?it/s]100%|##########| 1/1 [00:00<00:00, 35.78it/s]
04-14 10:26:47 Train-Loss Source Classifier: 1.2678
04-14 10:26:47 Train-Loss Discriminator: 0.6811
04-14 10:26:47 Train-Acc Source Data: 0.3438
04-14 10:26:47 Train-Acc Discriminator: 0.6172
  0%|          | 0/8 [00:00<?, ?it/s]100%|##########| 8/8 [00:00<00:00, 163.69it/s]
04-14 10:26:47 Val-Acc Target Data: 0.4465
04-14 10:26:47 The best model epoch 19, val-acc 0.4820
04-14 10:26:47 -----Epoch 27/100-----
04-14 10:26:47 current lr: [4e-05, 4e-05]
  0%|          | 0/1 [00:00<?, ?it/s]100%|##########| 1/1 [00:00<00:00, 41.38it/s]
04-14 10:26:47 Train-Loss Source Classifier: 1.2079
04-14 10:26:47 Train-Loss Discriminator: 0.6827
04-14 10:26:47 Train-Acc Source Data: 0.5156
04-14 10:26:47 Train-Acc Discriminator: 0.4766
  0%|          | 0/8 [00:00<?, ?it/s]100%|##########| 8/8 [00:00<00:00, 161.11it/s]
04-14 10:26:48 Val-Acc Target Data: 0.4426
04-14 10:26:48 The best model epoch 19, val-acc 0.4820
04-14 10:26:48 -----Epoch 28/100-----
04-14 10:26:48 current lr: [4e-05, 4e-05]
  0%|          | 0/1 [00:00<?, ?it/s]100%|##########| 1/1 [00:00<00:00, 34.65it/s]
04-14 10:26:48 Train-Loss Source Classifier: 1.2435
04-14 10:26:48 Train-Loss Discriminator: 0.6787
04-14 10:26:48 Train-Acc Source Data: 0.3906
04-14 10:26:48 Train-Acc Discriminator: 0.6406
  0%|          | 0/8 [00:00<?, ?it/s]100%|##########| 8/8 [00:00<00:00, 156.28it/s]
04-14 10:26:48 Val-Acc Target Data: 0.4406
04-14 10:26:48 The best model epoch 19, val-acc 0.4820
04-14 10:26:48 -----Epoch 29/100-----
04-14 10:26:48 current lr: [4e-05, 4e-05]
  0%|          | 0/1 [00:00<?, ?it/s]100%|##########| 1/1 [00:00<00:00, 35.08it/s]
04-14 10:26:48 Train-Loss Source Classifier: 1.2929
04-14 10:26:48 Train-Loss Discriminator: 0.6798
04-14 10:26:48 Train-Acc Source Data: 0.3750
04-14 10:26:48 Train-Acc Discriminator: 0.6172
  0%|          | 0/8 [00:00<?, ?it/s]100%|##########| 8/8 [00:00<00:00, 152.76it/s]
04-14 10:26:48 Val-Acc Target Data: 0.4309
04-14 10:26:48 The best model epoch 19, val-acc 0.4820
04-14 10:26:48 -----Epoch 30/100-----
04-14 10:26:48 current lr: [4e-05, 4e-05]
  0%|          | 0/1 [00:00<?, ?it/s]100%|##########| 1/1 [00:00<00:00, 37.05it/s]
04-14 10:26:48 Train-Loss Source Classifier: 1.2288
04-14 10:26:48 Train-Loss Discriminator: 0.6812
04-14 10:26:48 Train-Acc Source Data: 0.4844
04-14 10:26:48 Train-Acc Discriminator: 0.5859
  0%|          | 0/8 [00:00<?, ?it/s]100%|##########| 8/8 [00:00<00:00, 154.50it/s]
04-14 10:26:48 Val-Acc Target Data: 0.4270
04-14 10:26:48 The best model epoch 19, val-acc 0.4820
04-14 10:26:48 -----Epoch 31/100-----
04-14 10:26:48 current lr: [8.000000000000001e-06, 8.000000000000001e-06]
  0%|          | 0/1 [00:00<?, ?it/s]100%|##########| 1/1 [00:00<00:00, 36.20it/s]
04-14 10:26:48 Train-Loss Source Classifier: 1.2128
04-14 10:26:48 Train-Loss Discriminator: 0.6837
04-14 10:26:48 Train-Acc Source Data: 0.4531
04-14 10:26:48 Train-Acc Discriminator: 0.5781
  0%|          | 0/8 [00:00<?, ?it/s]100%|##########| 8/8 [00:00<00:00, 158.87it/s]
04-14 10:26:48 Val-Acc Target Data: 0.4230
04-14 10:26:48 The best model epoch 19, val-acc 0.4820
04-14 10:26:48 -----Epoch 32/100-----
04-14 10:26:48 current lr: [8.000000000000001e-06, 8.000000000000001e-06]
  0%|          | 0/1 [00:00<?, ?it/s]100%|##########| 1/1 [00:00<00:00, 37.81it/s]
04-14 10:26:48 Train-Loss Source Classifier: 1.2256
04-14 10:26:48 Train-Loss Discriminator: 0.6841
04-14 10:26:48 Train-Acc Source Data: 0.4688
04-14 10:26:48 Train-Acc Discriminator: 0.5312
  0%|          | 0/8 [00:00<?, ?it/s]100%|##########| 8/8 [00:00<00:00, 154.54it/s]
04-14 10:26:48 Val-Acc Target Data: 0.4230
04-14 10:26:48 The best model epoch 19, val-acc 0.4820
04-14 10:26:48 -----Epoch 33/100-----
04-14 10:26:48 current lr: [8.000000000000001e-06, 8.000000000000001e-06]
  0%|          | 0/1 [00:00<?, ?it/s]100%|##########| 1/1 [00:00<00:00, 36.80it/s]
04-14 10:26:48 Train-Loss Source Classifier: 1.1795
04-14 10:26:48 Train-Loss Discriminator: 0.6751
04-14 10:26:48 Train-Acc Source Data: 0.5000
04-14 10:26:48 Train-Acc Discriminator: 0.6562
  0%|          | 0/8 [00:00<?, ?it/s]100%|##########| 8/8 [00:00<00:00, 157.17it/s]
04-14 10:26:48 Val-Acc Target Data: 0.4211
04-14 10:26:48 The best model epoch 19, val-acc 0.4820
04-14 10:26:48 -----Epoch 34/100-----
04-14 10:26:48 current lr: [8.000000000000001e-06, 8.000000000000001e-06]
  0%|          | 0/1 [00:00<?, ?it/s]100%|##########| 1/1 [00:00<00:00, 35.17it/s]
04-14 10:26:48 Train-Loss Source Classifier: 1.1832
04-14 10:26:48 Train-Loss Discriminator: 0.6755
04-14 10:26:48 Train-Acc Source Data: 0.5156
04-14 10:26:48 Train-Acc Discriminator: 0.6953
  0%|          | 0/8 [00:00<?, ?it/s]100%|##########| 8/8 [00:00<00:00, 158.03it/s]
04-14 10:26:48 Val-Acc Target Data: 0.4191
04-14 10:26:48 The best model epoch 19, val-acc 0.4820
04-14 10:26:48 -----Epoch 35/100-----
04-14 10:26:48 current lr: [8.000000000000001e-06, 8.000000000000001e-06]
  0%|          | 0/1 [00:00<?, ?it/s]100%|##########| 1/1 [00:00<00:00, 42.42it/s]
04-14 10:26:48 Train-Loss Source Classifier: 1.2681
04-14 10:26:48 Train-Loss Discriminator: 0.6848
04-14 10:26:48 Train-Acc Source Data: 0.4688
04-14 10:26:48 Train-Acc Discriminator: 0.5078
  0%|          | 0/8 [00:00<?, ?it/s]100%|##########| 8/8 [00:00<00:00, 161.03it/s]
04-14 10:26:48 Val-Acc Target Data: 0.4172
04-14 10:26:48 The best model epoch 19, val-acc 0.4820
04-14 10:26:48 -----Epoch 36/100-----
04-14 10:26:48 current lr: [8.000000000000001e-06, 8.000000000000001e-06]
  0%|          | 0/1 [00:00<?, ?it/s]100%|##########| 1/1 [00:00<00:00, 35.57it/s]
04-14 10:26:48 Train-Loss Source Classifier: 1.2021
04-14 10:26:48 Train-Loss Discriminator: 0.6748
04-14 10:26:48 Train-Acc Source Data: 0.4688
04-14 10:26:48 Train-Acc Discriminator: 0.6172
  0%|          | 0/8 [00:00<?, ?it/s]100%|##########| 8/8 [00:00<00:00, 153.37it/s]
04-14 10:26:48 Val-Acc Target Data: 0.4172
04-14 10:26:48 The best model epoch 19, val-acc 0.4820
04-14 10:26:48 -----Epoch 37/100-----
04-14 10:26:48 current lr: [8.000000000000001e-06, 8.000000000000001e-06]
  0%|          | 0/1 [00:00<?, ?it/s]100%|##########| 1/1 [00:00<00:00, 37.91it/s]
04-14 10:26:48 Train-Loss Source Classifier: 1.2374
04-14 10:26:48 Train-Loss Discriminator: 0.6817
04-14 10:26:48 Train-Acc Source Data: 0.4844
04-14 10:26:48 Train-Acc Discriminator: 0.7031
  0%|          | 0/8 [00:00<?, ?it/s]100%|##########| 8/8 [00:00<00:00, 156.69it/s]
04-14 10:26:48 Val-Acc Target Data: 0.4133
04-14 10:26:48 The best model epoch 19, val-acc 0.4820
04-14 10:26:48 -----Epoch 38/100-----
04-14 10:26:48 current lr: [8.000000000000001e-06, 8.000000000000001e-06]
  0%|          | 0/1 [00:00<?, ?it/s]100%|##########| 1/1 [00:00<00:00, 39.03it/s]
04-14 10:26:48 Train-Loss Source Classifier: 1.2317
04-14 10:26:48 Train-Loss Discriminator: 0.6789
04-14 10:26:48 Train-Acc Source Data: 0.3906
04-14 10:26:48 Train-Acc Discriminator: 0.6641
  0%|          | 0/8 [00:00<?, ?it/s]100%|##########| 8/8 [00:00<00:00, 158.69it/s]
04-14 10:26:48 Val-Acc Target Data: 0.4113
04-14 10:26:48 The best model epoch 19, val-acc 0.4820
04-14 10:26:48 -----Epoch 39/100-----
04-14 10:26:48 current lr: [8.000000000000001e-06, 8.000000000000001e-06]
  0%|          | 0/1 [00:00<?, ?it/s]100%|##########| 1/1 [00:00<00:00, 35.72it/s]
04-14 10:26:48 Train-Loss Source Classifier: 1.2815
04-14 10:26:48 Train-Loss Discriminator: 0.6763
04-14 10:26:48 Train-Acc Source Data: 0.3906
04-14 10:26:48 Train-Acc Discriminator: 0.6719
  0%|          | 0/8 [00:00<?, ?it/s]100%|##########| 8/8 [00:00<00:00, 158.32it/s]
04-14 10:26:49 Val-Acc Target Data: 0.4113
04-14 10:26:49 The best model epoch 19, val-acc 0.4820
04-14 10:26:49 -----Epoch 40/100-----
04-14 10:26:49 current lr: [8.000000000000001e-06, 8.000000000000001e-06]
  0%|          | 0/1 [00:00<?, ?it/s]100%|##########| 1/1 [00:00<00:00, 37.93it/s]
04-14 10:26:49 Train-Loss Source Classifier: 1.2020
04-14 10:26:49 Train-Loss Discriminator: 0.6749
04-14 10:26:49 Train-Acc Source Data: 0.4375
04-14 10:26:49 Train-Acc Discriminator: 0.6562
  0%|          | 0/8 [00:00<?, ?it/s]100%|##########| 8/8 [00:00<00:00, 164.21it/s]
04-14 10:26:49 Val-Acc Target Data: 0.4094
04-14 10:26:49 The best model epoch 19, val-acc 0.4820
04-14 10:26:49 -----Epoch 41/100-----
04-14 10:26:49 current lr: [1.6000000000000004e-06, 1.6000000000000004e-06]
  0%|          | 0/1 [00:00<?, ?it/s]100%|##########| 1/1 [00:00<00:00, 37.88it/s]
04-14 10:26:49 Train-Loss Source Classifier: 1.2981
04-14 10:26:49 Train-Loss Discriminator: 0.6801
04-14 10:26:49 Train-Acc Source Data: 0.2656
04-14 10:26:49 Train-Acc Discriminator: 0.5859
  0%|          | 0/8 [00:00<?, ?it/s]100%|##########| 8/8 [00:00<00:00, 140.88it/s]
04-14 10:26:49 Val-Acc Target Data: 0.4035
04-14 10:26:49 The best model epoch 19, val-acc 0.4820
04-14 10:26:49 -----Epoch 42/100-----
04-14 10:26:49 current lr: [1.6000000000000004e-06, 1.6000000000000004e-06]
  0%|          | 0/1 [00:00<?, ?it/s]100%|##########| 1/1 [00:00<00:00, 36.04it/s]
04-14 10:26:49 Train-Loss Source Classifier: 1.2027
04-14 10:26:49 Train-Loss Discriminator: 0.6780
04-14 10:26:49 Train-Acc Source Data: 0.4531
04-14 10:26:49 Train-Acc Discriminator: 0.6172
  0%|          | 0/8 [00:00<?, ?it/s]100%|##########| 8/8 [00:00<00:00, 154.71it/s]
04-14 10:26:49 Val-Acc Target Data: 0.3996
04-14 10:26:49 The best model epoch 19, val-acc 0.4820
04-14 10:26:49 -----Epoch 43/100-----
04-14 10:26:49 current lr: [1.6000000000000004e-06, 1.6000000000000004e-06]
  0%|          | 0/1 [00:00<?, ?it/s]100%|##########| 1/1 [00:00<00:00, 37.28it/s]
04-14 10:26:49 Train-Loss Source Classifier: 1.2018
04-14 10:26:49 Train-Loss Discriminator: 0.6799
04-14 10:26:49 Train-Acc Source Data: 0.4219
04-14 10:26:49 Train-Acc Discriminator: 0.5625
  0%|          | 0/8 [00:00<?, ?it/s]100%|##########| 8/8 [00:00<00:00, 159.75it/s]
04-14 10:26:49 Val-Acc Target Data: 0.3957
04-14 10:26:49 The best model epoch 19, val-acc 0.4820
04-14 10:26:49 -----Epoch 44/100-----
04-14 10:26:49 current lr: [1.6000000000000004e-06, 1.6000000000000004e-06]
  0%|          | 0/1 [00:00<?, ?it/s]100%|##########| 1/1 [00:00<00:00, 38.26it/s]
04-14 10:26:49 Train-Loss Source Classifier: 1.2679
04-14 10:26:49 Train-Loss Discriminator: 0.6777
04-14 10:26:49 Train-Acc Source Data: 0.4375
04-14 10:26:49 Train-Acc Discriminator: 0.6641
  0%|          | 0/8 [00:00<?, ?it/s]100%|##########| 8/8 [00:00<00:00, 159.17it/s]
04-14 10:26:49 Val-Acc Target Data: 0.3957
04-14 10:26:49 The best model epoch 19, val-acc 0.4820
04-14 10:26:49 -----Epoch 45/100-----
04-14 10:26:49 current lr: [1.6000000000000004e-06, 1.6000000000000004e-06]
  0%|          | 0/1 [00:00<?, ?it/s]100%|##########| 1/1 [00:00<00:00, 36.84it/s]
04-14 10:26:49 Train-Loss Source Classifier: 1.2437
04-14 10:26:49 Train-Loss Discriminator: 0.6776
04-14 10:26:49 Train-Acc Source Data: 0.4688
04-14 10:26:49 Train-Acc Discriminator: 0.6641
  0%|          | 0/8 [00:00<?, ?it/s]100%|##########| 8/8 [00:00<00:00, 159.92it/s]
04-14 10:26:49 Val-Acc Target Data: 0.3937
04-14 10:26:49 The best model epoch 19, val-acc 0.4820
04-14 10:26:49 -----Epoch 46/100-----
04-14 10:26:49 current lr: [1.6000000000000004e-06, 1.6000000000000004e-06]
  0%|          | 0/1 [00:00<?, ?it/s]100%|##########| 1/1 [00:00<00:00, 36.87it/s]
04-14 10:26:49 Train-Loss Source Classifier: 1.2424
04-14 10:26:49 Train-Loss Discriminator: 0.6807
04-14 10:26:49 Train-Acc Source Data: 0.4844
04-14 10:26:49 Train-Acc Discriminator: 0.5938
  0%|          | 0/8 [00:00<?, ?it/s]100%|##########| 8/8 [00:00<00:00, 159.75it/s]
04-14 10:26:49 Val-Acc Target Data: 0.3898
04-14 10:26:49 The best model epoch 19, val-acc 0.4820
04-14 10:26:49 -----Epoch 47/100-----
04-14 10:26:49 current lr: [1.6000000000000004e-06, 1.6000000000000004e-06]
  0%|          | 0/1 [00:00<?, ?it/s]100%|##########| 1/1 [00:00<00:00, 39.59it/s]
04-14 10:26:49 Train-Loss Source Classifier: 1.2083
04-14 10:26:49 Train-Loss Discriminator: 0.6741
04-14 10:26:49 Train-Acc Source Data: 0.4219
04-14 10:26:49 Train-Acc Discriminator: 0.6719
  0%|          | 0/8 [00:00<?, ?it/s]100%|##########| 8/8 [00:00<00:00, 159.38it/s]
04-14 10:26:49 Val-Acc Target Data: 0.3879
04-14 10:26:49 The best model epoch 19, val-acc 0.4820
04-14 10:26:49 -----Epoch 48/100-----
04-14 10:26:49 current lr: [1.6000000000000004e-06, 1.6000000000000004e-06]
  0%|          | 0/1 [00:00<?, ?it/s]100%|##########| 1/1 [00:00<00:00, 34.26it/s]
04-14 10:26:49 Train-Loss Source Classifier: 1.2006
04-14 10:26:49 Train-Loss Discriminator: 0.6745
04-14 10:26:49 Train-Acc Source Data: 0.4688
04-14 10:26:49 Train-Acc Discriminator: 0.6875
  0%|          | 0/8 [00:00<?, ?it/s]100%|##########| 8/8 [00:00<00:00, 150.19it/s]
04-14 10:26:49 Val-Acc Target Data: 0.3879
04-14 10:26:49 The best model epoch 19, val-acc 0.4820
04-14 10:26:49 -----Epoch 49/100-----
04-14 10:26:49 current lr: [1.6000000000000004e-06, 1.6000000000000004e-06]
  0%|          | 0/1 [00:00<?, ?it/s]100%|##########| 1/1 [00:00<00:00, 37.07it/s]
04-14 10:26:49 Train-Loss Source Classifier: 1.2646
04-14 10:26:49 Train-Loss Discriminator: 0.6769
04-14 10:26:49 Train-Acc Source Data: 0.4219
04-14 10:26:49 Train-Acc Discriminator: 0.6250
  0%|          | 0/8 [00:00<?, ?it/s]100%|##########| 8/8 [00:00<00:00, 159.58it/s]
04-14 10:26:49 Val-Acc Target Data: 0.3859
04-14 10:26:49 The best model epoch 19, val-acc 0.4820
04-14 10:26:49 -----Epoch 50/100-----
04-14 10:26:49 current lr: [1.6000000000000004e-06, 1.6000000000000004e-06]
  0%|          | 0/1 [00:00<?, ?it/s]100%|##########| 1/1 [00:00<00:00, 37.70it/s]
04-14 10:26:49 Train-Loss Source Classifier: 1.2280
04-14 10:26:49 Train-Loss Discriminator: 0.6814
04-14 10:26:49 Train-Acc Source Data: 0.5156
04-14 10:26:49 Train-Acc Discriminator: 0.6719
  0%|          | 0/8 [00:00<?, ?it/s]100%|##########| 8/8 [00:00<00:00, 149.22it/s]
04-14 10:26:49 Val-Acc Target Data: 0.3840
04-14 10:26:49 The best model epoch 19, val-acc 0.4820
04-14 10:26:49 -----Epoch 51/100-----
04-14 10:26:49 current lr: [3.200000000000001e-07, 3.200000000000001e-07]
  0%|          | 0/1 [00:00<?, ?it/s]100%|##########| 1/1 [00:00<00:00, 37.00it/s]
04-14 10:26:49 Train-Loss Source Classifier: 1.1567
04-14 10:26:49 Train-Loss Discriminator: 0.6783
04-14 10:26:49 Train-Acc Source Data: 0.5000
04-14 10:26:49 Train-Acc Discriminator: 0.5703
  0%|          | 0/8 [00:00<?, ?it/s]100%|##########| 8/8 [00:00<00:00, 161.42it/s]
04-14 10:26:50 Val-Acc Target Data: 0.3820
04-14 10:26:50 The best model epoch 19, val-acc 0.4820
04-14 10:26:50 -----Epoch 52/100-----
04-14 10:26:50 current lr: [3.200000000000001e-07, 3.200000000000001e-07]
  0%|          | 0/1 [00:00<?, ?it/s]100%|##########| 1/1 [00:00<00:00, 37.00it/s]
04-14 10:26:50 Train-Loss Source Classifier: 1.2174
04-14 10:26:50 Train-Loss Discriminator: 0.6790
04-14 10:26:50 Train-Acc Source Data: 0.4531
04-14 10:26:50 Train-Acc Discriminator: 0.6562
  0%|          | 0/8 [00:00<?, ?it/s]100%|##########| 8/8 [00:00<00:00, 162.10it/s]
04-14 10:26:50 Val-Acc Target Data: 0.3801
04-14 10:26:50 The best model epoch 19, val-acc 0.4820
04-14 10:26:50 -----Epoch 53/100-----
04-14 10:26:50 current lr: [3.200000000000001e-07, 3.200000000000001e-07]
  0%|          | 0/1 [00:00<?, ?it/s]100%|##########| 1/1 [00:00<00:00, 33.01it/s]
04-14 10:26:50 Train-Loss Source Classifier: 1.2078
04-14 10:26:50 Train-Loss Discriminator: 0.6774
04-14 10:26:50 Train-Acc Source Data: 0.5000
04-14 10:26:50 Train-Acc Discriminator: 0.6094
  0%|          | 0/8 [00:00<?, ?it/s]100%|##########| 8/8 [00:00<00:00, 159.62it/s]
04-14 10:26:50 Val-Acc Target Data: 0.3801
04-14 10:26:50 The best model epoch 19, val-acc 0.4820
04-14 10:26:50 -----Epoch 54/100-----
04-14 10:26:50 current lr: [3.200000000000001e-07, 3.200000000000001e-07]
  0%|          | 0/1 [00:00<?, ?it/s]100%|##########| 1/1 [00:00<00:00, 35.55it/s]
04-14 10:26:50 Train-Loss Source Classifier: 1.2848
04-14 10:26:50 Train-Loss Discriminator: 0.6824
04-14 10:26:50 Train-Acc Source Data: 0.3281
04-14 10:26:50 Train-Acc Discriminator: 0.5781
  0%|          | 0/8 [00:00<?, ?it/s]100%|##########| 8/8 [00:00<00:00, 158.96it/s]
04-14 10:26:50 Val-Acc Target Data: 0.3781
04-14 10:26:50 The best model epoch 19, val-acc 0.4820
04-14 10:26:50 -----Epoch 55/100-----
04-14 10:26:50 current lr: [3.200000000000001e-07, 3.200000000000001e-07]
  0%|          | 0/1 [00:00<?, ?it/s]100%|##########| 1/1 [00:00<00:00, 36.06it/s]
04-14 10:26:50 Train-Loss Source Classifier: 1.2580
04-14 10:26:50 Train-Loss Discriminator: 0.6769
04-14 10:26:50 Train-Acc Source Data: 0.4062
04-14 10:26:50 Train-Acc Discriminator: 0.6094
  0%|          | 0/8 [00:00<?, ?it/s]100%|##########| 8/8 [00:00<00:00, 162.73it/s]
04-14 10:26:50 Val-Acc Target Data: 0.3762
04-14 10:26:50 The best model epoch 19, val-acc 0.4820
04-14 10:26:50 -----Epoch 56/100-----
04-14 10:26:50 current lr: [3.200000000000001e-07, 3.200000000000001e-07]
  0%|          | 0/1 [00:00<?, ?it/s]100%|##########| 1/1 [00:00<00:00, 38.21it/s]
04-14 10:26:50 Train-Loss Source Classifier: 1.1998
04-14 10:26:50 Train-Loss Discriminator: 0.6760
04-14 10:26:50 Train-Acc Source Data: 0.4375
04-14 10:26:50 Train-Acc Discriminator: 0.5859
  0%|          | 0/8 [00:00<?, ?it/s]100%|##########| 8/8 [00:00<00:00, 162.96it/s]
04-14 10:26:50 Val-Acc Target Data: 0.3762
04-14 10:26:50 The best model epoch 19, val-acc 0.4820
04-14 10:26:50 -----Epoch 57/100-----
04-14 10:26:50 current lr: [3.200000000000001e-07, 3.200000000000001e-07]
  0%|          | 0/1 [00:00<?, ?it/s]100%|##########| 1/1 [00:00<00:00, 37.08it/s]
04-14 10:26:50 Train-Loss Source Classifier: 1.2203
04-14 10:26:50 Train-Loss Discriminator: 0.6759
04-14 10:26:50 Train-Acc Source Data: 0.4531
04-14 10:26:50 Train-Acc Discriminator: 0.6328
  0%|          | 0/8 [00:00<?, ?it/s]100%|##########| 8/8 [00:00<00:00, 162.80it/s]
04-14 10:26:50 Val-Acc Target Data: 0.3762
04-14 10:26:50 The best model epoch 19, val-acc 0.4820
04-14 10:26:50 -----Epoch 58/100-----
04-14 10:26:50 current lr: [3.200000000000001e-07, 3.200000000000001e-07]
  0%|          | 0/1 [00:00<?, ?it/s]100%|##########| 1/1 [00:00<00:00, 36.65it/s]
04-14 10:26:50 Train-Loss Source Classifier: 1.2523
04-14 10:26:50 Train-Loss Discriminator: 0.6827
04-14 10:26:50 Train-Acc Source Data: 0.4531
04-14 10:26:50 Train-Acc Discriminator: 0.5625
  0%|          | 0/8 [00:00<?, ?it/s]100%|##########| 8/8 [00:00<00:00, 162.87it/s]
04-14 10:26:50 Val-Acc Target Data: 0.3723
04-14 10:26:50 The best model epoch 19, val-acc 0.4820
04-14 10:26:50 -----Epoch 59/100-----
04-14 10:26:50 current lr: [3.200000000000001e-07, 3.200000000000001e-07]
  0%|          | 0/1 [00:00<?, ?it/s]100%|##########| 1/1 [00:00<00:00, 35.91it/s]
04-14 10:26:50 Train-Loss Source Classifier: 1.2051
04-14 10:26:50 Train-Loss Discriminator: 0.6787
04-14 10:26:50 Train-Acc Source Data: 0.5000
04-14 10:26:50 Train-Acc Discriminator: 0.5859
  0%|          | 0/8 [00:00<?, ?it/s]100%|##########| 8/8 [00:00<00:00, 159.81it/s]
04-14 10:26:50 Val-Acc Target Data: 0.3723
04-14 10:26:50 The best model epoch 19, val-acc 0.4820
04-14 10:26:50 -----Epoch 60/100-----
04-14 10:26:50 current lr: [3.200000000000001e-07, 3.200000000000001e-07]
  0%|          | 0/1 [00:00<?, ?it/s]100%|##########| 1/1 [00:00<00:00, 49.59it/s]
04-14 10:26:50 Train-Loss Source Classifier: 1.2725
04-14 10:26:50 Train-Loss Discriminator: 0.6775
04-14 10:26:50 Train-Acc Source Data: 0.4062
04-14 10:26:50 Train-Acc Discriminator: 0.6484
  0%|          | 0/8 [00:00<?, ?it/s]100%|##########| 8/8 [00:00<00:00, 164.09it/s]
04-14 10:26:50 Val-Acc Target Data: 0.3723
04-14 10:26:50 The best model epoch 19, val-acc 0.4820
04-14 10:26:50 -----Epoch 61/100-----
04-14 10:26:50 current lr: [6.400000000000003e-08, 6.400000000000003e-08]
  0%|          | 0/1 [00:00<?, ?it/s]100%|##########| 1/1 [00:00<00:00, 37.62it/s]
04-14 10:26:50 Train-Loss Source Classifier: 1.2294
04-14 10:26:50 Train-Loss Discriminator: 0.6834
04-14 10:26:50 Train-Acc Source Data: 0.4844
04-14 10:26:50 Train-Acc Discriminator: 0.5234
  0%|          | 0/8 [00:00<?, ?it/s]100%|##########| 8/8 [00:00<00:00, 163.21it/s]
04-14 10:26:50 Val-Acc Target Data: 0.3723
04-14 10:26:50 The best model epoch 19, val-acc 0.4820
04-14 10:26:50 -----Epoch 62/100-----
04-14 10:26:50 current lr: [6.400000000000003e-08, 6.400000000000003e-08]
  0%|          | 0/1 [00:00<?, ?it/s]100%|##########| 1/1 [00:00<00:00, 37.54it/s]
04-14 10:26:50 Train-Loss Source Classifier: 1.2116
04-14 10:26:50 Train-Loss Discriminator: 0.6770
04-14 10:26:50 Train-Acc Source Data: 0.5000
04-14 10:26:50 Train-Acc Discriminator: 0.7188
  0%|          | 0/8 [00:00<?, ?it/s]100%|##########| 8/8 [00:00<00:00, 155.31it/s]
04-14 10:26:50 Val-Acc Target Data: 0.3703
04-14 10:26:50 The best model epoch 19, val-acc 0.4820
04-14 10:26:50 -----Epoch 63/100-----
04-14 10:26:50 current lr: [6.400000000000003e-08, 6.400000000000003e-08]
  0%|          | 0/1 [00:00<?, ?it/s]100%|##########| 1/1 [00:00<00:00, 38.34it/s]
04-14 10:26:51 Train-Loss Source Classifier: 1.2084
04-14 10:26:51 Train-Loss Discriminator: 0.6746
04-14 10:26:51 Train-Acc Source Data: 0.4531
04-14 10:26:51 Train-Acc Discriminator: 0.6719
  0%|          | 0/8 [00:00<?, ?it/s]100%|##########| 8/8 [00:00<00:00, 163.16it/s]
04-14 10:26:51 Val-Acc Target Data: 0.3684
04-14 10:26:51 The best model epoch 19, val-acc 0.4820
04-14 10:26:51 -----Epoch 64/100-----
04-14 10:26:51 current lr: [6.400000000000003e-08, 6.400000000000003e-08]
  0%|          | 0/1 [00:00<?, ?it/s]100%|##########| 1/1 [00:00<00:00, 38.00it/s]
04-14 10:26:51 Train-Loss Source Classifier: 1.1956
04-14 10:26:51 Train-Loss Discriminator: 0.6778
04-14 10:26:51 Train-Acc Source Data: 0.5469
04-14 10:26:51 Train-Acc Discriminator: 0.6250
  0%|          | 0/8 [00:00<?, ?it/s]100%|##########| 8/8 [00:00<00:00, 150.90it/s]
04-14 10:26:51 Val-Acc Target Data: 0.3684
04-14 10:26:51 The best model epoch 19, val-acc 0.4820
04-14 10:26:51 -----Epoch 65/100-----
04-14 10:26:51 current lr: [6.400000000000003e-08, 6.400000000000003e-08]
  0%|          | 0/1 [00:00<?, ?it/s]100%|##########| 1/1 [00:00<00:00, 36.97it/s]
04-14 10:26:51 Train-Loss Source Classifier: 1.2025
04-14 10:26:51 Train-Loss Discriminator: 0.6789
04-14 10:26:51 Train-Acc Source Data: 0.4688
04-14 10:26:51 Train-Acc Discriminator: 0.6484
  0%|          | 0/8 [00:00<?, ?it/s]100%|##########| 8/8 [00:00<00:00, 163.29it/s]
04-14 10:26:51 Val-Acc Target Data: 0.3684
04-14 10:26:51 The best model epoch 19, val-acc 0.4820
04-14 10:26:51 -----Epoch 66/100-----
04-14 10:26:51 current lr: [6.400000000000003e-08, 6.400000000000003e-08]
  0%|          | 0/1 [00:00<?, ?it/s]100%|##########| 1/1 [00:00<00:00, 37.89it/s]
04-14 10:26:51 Train-Loss Source Classifier: 1.2227
04-14 10:26:51 Train-Loss Discriminator: 0.6761
04-14 10:26:51 Train-Acc Source Data: 0.4062
04-14 10:26:51 Train-Acc Discriminator: 0.6094
  0%|          | 0/8 [00:00<?, ?it/s]100%|##########| 8/8 [00:00<00:00, 163.67it/s]
04-14 10:26:51 Val-Acc Target Data: 0.3684
04-14 10:26:51 The best model epoch 19, val-acc 0.4820
04-14 10:26:51 -----Epoch 67/100-----
04-14 10:26:51 current lr: [6.400000000000003e-08, 6.400000000000003e-08]
  0%|          | 0/1 [00:00<?, ?it/s]100%|##########| 1/1 [00:00<00:00, 35.80it/s]
04-14 10:26:51 Train-Loss Source Classifier: 1.2755
04-14 10:26:51 Train-Loss Discriminator: 0.6780
04-14 10:26:51 Train-Acc Source Data: 0.3906
04-14 10:26:51 Train-Acc Discriminator: 0.6641
  0%|          | 0/8 [00:00<?, ?it/s]100%|##########| 8/8 [00:00<00:00, 151.85it/s]
04-14 10:26:51 Val-Acc Target Data: 0.3684
04-14 10:26:51 The best model epoch 19, val-acc 0.4820
04-14 10:26:51 -----Epoch 68/100-----
04-14 10:26:51 current lr: [6.400000000000003e-08, 6.400000000000003e-08]
  0%|          | 0/1 [00:00<?, ?it/s]100%|##########| 1/1 [00:00<00:00, 41.07it/s]
04-14 10:26:51 Train-Loss Source Classifier: 1.2337
04-14 10:26:51 Train-Loss Discriminator: 0.6781
04-14 10:26:51 Train-Acc Source Data: 0.3906
04-14 10:26:51 Train-Acc Discriminator: 0.6719
  0%|          | 0/8 [00:00<?, ?it/s]100%|##########| 8/8 [00:00<00:00, 146.98it/s]
04-14 10:26:51 Val-Acc Target Data: 0.3684
04-14 10:26:51 The best model epoch 19, val-acc 0.4820
04-14 10:26:51 -----Epoch 69/100-----
