04-11 08:56:15 imba: False
04-11 08:56:15 model_name: ACDANN
04-11 08:56:15 Domain: CWRU
04-11 08:56:15 source: CWRU_1
04-11 08:56:15 target: CWRU_2
04-11 08:56:15 data_dir: ./datasets
04-11 08:56:15 train_mode: single_source
04-11 08:56:15 cuda_device: 0
04-11 08:56:15 save_dir: ./ckpt
04-11 08:56:15 max_epoch: 30
04-11 08:56:15 batch_size: 64
04-11 08:56:15 num_workers: 0
04-11 08:56:15 signal_size: 2048
04-11 08:56:15 random_state: 2024
04-11 08:56:15 normlizetype: mean-std
04-11 08:56:15 opt: sgd
04-11 08:56:15 lr: 0.01
04-11 08:56:15 momentum: 0.9
04-11 08:56:15 betas: (0.9, 0.999)
04-11 08:56:15 weight_decay: 0.0005
04-11 08:56:15 lr_scheduler: stepLR
04-11 08:56:15 gamma: 0.2
04-11 08:56:15 steps: 10
04-11 08:56:15 tradeoff: ['exp', 'exp', 'exp']
04-11 08:56:15 dropout: 0.0
04-11 08:56:15 save: False
04-11 08:56:15 load_path: 
04-11 08:56:15 save_path: ./ckpt/ACDANN/single_source/[CWRU_1]To[CWRU_2]_0411-085615
04-11 08:56:15 Detect 4 classes: ['ball', 'inner', 'normal', 'outer']
04-11 08:56:15 using 1 / 1 gpus
Training data length: 757
Testing data length: 379
Source Data Distribution:04-11 08:56:18 Source set CWRU_1 number of samples 1044.
+--------------+---------+
| Label        |   Count |
|--------------+---------|
| 0            |     261 |
| 1            |     261 |
| 2            |     261 |
| 3            |     261 |
| Dataset Size |    1044 |
+--------------+---------+

Training data length: 757
Testing data length: 379
04-11 08:56:18 target training set number of samples 696.Target Data Distribution:
+--------------+---------+-------+
|              |   train |   val |
|--------------+---------+-------|
| 0            |     174 |    87 |
| 1            |     174 |    87 |
| 2            |     174 |    87 |
| 3            |     174 |    87 |
| Dataset Size |     696 |   348 |
+--------------+---------+-------+

04-11 08:56:18 target validation set number of samples 348.
04-11 08:56:18 -----Epoch 1/30-----
04-11 08:56:18 current lr: [0.01, 0.01]
  0%|          | 0/10 [00:00<?, ?it/s] 30%|###       | 3/10 [00:00<00:00, 24.79it/s] 70%|#######   | 7/10 [00:00<00:00, 29.66it/s]100%|##########| 10/10 [00:00<00:00, 30.59it/s]
04-11 08:56:18 Train-Loss Source Classifier: 1.0517
04-11 08:56:18 Train-Loss Discriminator: 0.6938
04-11 08:56:18 Train-Acc Source Data: 0.6188
04-11 08:56:18 Train-Acc Discriminator: 0.4867
  0%|          | 0/5 [00:00<?, ?it/s]100%|##########| 5/5 [00:00<00:00, 150.86it/s]
04-11 08:56:18 Val-Acc Target Data: 0.4594
04-11 08:56:18 The best model epoch 1, val-acc 0.4594
04-11 08:56:18 -----Epoch 2/30-----
04-11 08:56:18 current lr: [0.01, 0.01]
  0%|          | 0/10 [00:00<?, ?it/s] 40%|####      | 4/10 [00:00<00:00, 34.32it/s] 80%|########  | 8/10 [00:00<00:00, 34.60it/s]100%|##########| 10/10 [00:00<00:00, 34.18it/s]
04-11 08:56:19 Train-Loss Source Classifier: 0.5342
04-11 08:56:19 Train-Loss Discriminator: 0.6942
04-11 08:56:19 Train-Acc Source Data: 0.7937
04-11 08:56:19 Train-Acc Discriminator: 0.4961
  0%|          | 0/5 [00:00<?, ?it/s]100%|##########| 5/5 [00:00<00:00, 150.56it/s]
04-11 08:56:19 Val-Acc Target Data: 0.8781
04-11 08:56:19 The best model epoch 2, val-acc 0.8781
04-11 08:56:19 -----Epoch 3/30-----
04-11 08:56:19 current lr: [0.01, 0.01]
  0%|          | 0/10 [00:00<?, ?it/s] 40%|####      | 4/10 [00:00<00:00, 34.66it/s] 80%|########  | 8/10 [00:00<00:00, 34.21it/s]100%|##########| 10/10 [00:00<00:00, 33.98it/s]
04-11 08:56:19 Train-Loss Source Classifier: 0.1775
04-11 08:56:19 Train-Loss Discriminator: 0.6917
04-11 08:56:19 Train-Acc Source Data: 0.9359
04-11 08:56:19 Train-Acc Discriminator: 0.5312
  0%|          | 0/5 [00:00<?, ?it/s]100%|##########| 5/5 [00:00<00:00, 158.91it/s]
04-11 08:56:19 Val-Acc Target Data: 0.9938
04-11 08:56:19 The best model epoch 3, val-acc 0.9938
04-11 08:56:19 -----Epoch 4/30-----
04-11 08:56:19 current lr: [0.01, 0.01]
  0%|          | 0/10 [00:00<?, ?it/s] 40%|####      | 4/10 [00:00<00:00, 36.61it/s] 80%|########  | 8/10 [00:00<00:00, 34.15it/s]100%|##########| 10/10 [00:00<00:00, 34.35it/s]
04-11 08:56:19 Train-Loss Source Classifier: 0.0250
04-11 08:56:19 Train-Loss Discriminator: 0.6906
04-11 08:56:19 Train-Acc Source Data: 0.9969
04-11 08:56:19 Train-Acc Discriminator: 0.5312
  0%|          | 0/5 [00:00<?, ?it/s]100%|##########| 5/5 [00:00<00:00, 156.11it/s]
04-11 08:56:19 Val-Acc Target Data: 1.0000
04-11 08:56:19 The best model epoch 4, val-acc 1.0000
04-11 08:56:19 -----Epoch 5/30-----
04-11 08:56:19 current lr: [0.01, 0.01]
  0%|          | 0/10 [00:00<?, ?it/s] 40%|####      | 4/10 [00:00<00:00, 35.34it/s] 80%|########  | 8/10 [00:00<00:00, 34.69it/s]100%|##########| 10/10 [00:00<00:00, 34.59it/s]
04-11 08:56:20 Train-Loss Source Classifier: 0.0023
04-11 08:56:20 Train-Loss Discriminator: 0.6885
04-11 08:56:20 Train-Acc Source Data: 1.0000
04-11 08:56:20 Train-Acc Discriminator: 0.5148
  0%|          | 0/5 [00:00<?, ?it/s]100%|##########| 5/5 [00:00<00:00, 155.82it/s]
04-11 08:56:20 Val-Acc Target Data: 1.0000
04-11 08:56:20 The best model epoch 5, val-acc 1.0000
04-11 08:56:20 -----Epoch 6/30-----
04-11 08:56:20 current lr: [0.01, 0.01]
  0%|          | 0/10 [00:00<?, ?it/s] 40%|####      | 4/10 [00:00<00:00, 37.31it/s] 80%|########  | 8/10 [00:00<00:00, 33.62it/s]100%|##########| 10/10 [00:00<00:00, 34.02it/s]
04-11 08:56:20 Train-Loss Source Classifier: 0.0004
04-11 08:56:20 Train-Loss Discriminator: 0.6860
04-11 08:56:20 Train-Acc Source Data: 1.0000
04-11 08:56:20 Train-Acc Discriminator: 0.5430
  0%|          | 0/5 [00:00<?, ?it/s]100%|##########| 5/5 [00:00<00:00, 155.90it/s]
04-11 08:56:20 Val-Acc Target Data: 1.0000
04-11 08:56:20 The best model epoch 6, val-acc 1.0000
04-11 08:56:20 -----Epoch 7/30-----
04-11 08:56:20 current lr: [0.01, 0.01]
  0%|          | 0/10 [00:00<?, ?it/s] 40%|####      | 4/10 [00:00<00:00, 34.86it/s] 80%|########  | 8/10 [00:00<00:00, 34.19it/s]100%|##########| 10/10 [00:00<00:00, 34.07it/s]
04-11 08:56:20 Train-Loss Source Classifier: 0.0002
04-11 08:56:20 Train-Loss Discriminator: 0.6877
04-11 08:56:20 Train-Acc Source Data: 1.0000
04-11 08:56:20 Train-Acc Discriminator: 0.5133
  0%|          | 0/5 [00:00<?, ?it/s]100%|##########| 5/5 [00:00<00:00, 149.69it/s]
04-11 08:56:20 Val-Acc Target Data: 1.0000
04-11 08:56:20 The best model epoch 7, val-acc 1.0000
04-11 08:56:20 -----Epoch 8/30-----
04-11 08:56:20 current lr: [0.01, 0.01]
  0%|          | 0/10 [00:00<?, ?it/s] 40%|####      | 4/10 [00:00<00:00, 36.46it/s] 80%|########  | 8/10 [00:00<00:00, 34.70it/s]100%|##########| 10/10 [00:00<00:00, 33.86it/s]
04-11 08:56:21 Train-Loss Source Classifier: 0.0002
04-11 08:56:21 Train-Loss Discriminator: 0.6852
04-11 08:56:21 Train-Acc Source Data: 1.0000
04-11 08:56:21 Train-Acc Discriminator: 0.5500
  0%|          | 0/5 [00:00<?, ?it/s]100%|##########| 5/5 [00:00<00:00, 155.65it/s]
04-11 08:56:21 Val-Acc Target Data: 1.0000
04-11 08:56:21 The best model epoch 8, val-acc 1.0000
04-11 08:56:21 -----Epoch 9/30-----
04-11 08:56:21 current lr: [0.01, 0.01]
  0%|          | 0/10 [00:00<?, ?it/s] 40%|####      | 4/10 [00:00<00:00, 36.99it/s] 80%|########  | 8/10 [00:00<00:00, 34.69it/s]100%|##########| 10/10 [00:00<00:00, 34.56it/s]
04-11 08:56:21 Train-Loss Source Classifier: 0.0001
04-11 08:56:21 Train-Loss Discriminator: 0.6814
04-11 08:56:21 Train-Acc Source Data: 1.0000
04-11 08:56:21 Train-Acc Discriminator: 0.5781
  0%|          | 0/5 [00:00<?, ?it/s]100%|##########| 5/5 [00:00<00:00, 157.66it/s]
04-11 08:56:21 Val-Acc Target Data: 1.0000
04-11 08:56:21 The best model epoch 9, val-acc 1.0000
04-11 08:56:21 -----Epoch 10/30-----
04-11 08:56:21 current lr: [0.01, 0.01]
  0%|          | 0/10 [00:00<?, ?it/s] 40%|####      | 4/10 [00:00<00:00, 37.02it/s] 80%|########  | 8/10 [00:00<00:00, 33.73it/s]100%|##########| 10/10 [00:00<00:00, 33.97it/s]
04-11 08:56:21 Train-Loss Source Classifier: 0.0001
04-11 08:56:21 Train-Loss Discriminator: 0.6707
04-11 08:56:21 Train-Acc Source Data: 1.0000
04-11 08:56:21 Train-Acc Discriminator: 0.5828
  0%|          | 0/5 [00:00<?, ?it/s]100%|##########| 5/5 [00:00<00:00, 159.18it/s]
04-11 08:56:21 Val-Acc Target Data: 1.0000
04-11 08:56:21 The best model epoch 10, val-acc 1.0000
04-11 08:56:21 -----Epoch 11/30-----
04-11 08:56:21 current lr: [0.002, 0.002]
  0%|          | 0/10 [00:00<?, ?it/s] 40%|####      | 4/10 [00:00<00:00, 37.42it/s] 80%|########  | 8/10 [00:00<00:00, 35.16it/s]100%|##########| 10/10 [00:00<00:00, 34.65it/s]
04-11 08:56:22 Train-Loss Source Classifier: 0.0002
04-11 08:56:22 Train-Loss Discriminator: 0.6662
04-11 08:56:22 Train-Acc Source Data: 1.0000
04-11 08:56:22 Train-Acc Discriminator: 0.5766
  0%|          | 0/5 [00:00<?, ?it/s]100%|##########| 5/5 [00:00<00:00, 165.88it/s]
04-11 08:56:22 Val-Acc Target Data: 1.0000
04-11 08:56:22 The best model epoch 11, val-acc 1.0000
04-11 08:56:22 -----Epoch 12/30-----
04-11 08:56:22 current lr: [0.002, 0.002]
  0%|          | 0/10 [00:00<?, ?it/s] 40%|####      | 4/10 [00:00<00:00, 36.66it/s] 80%|########  | 8/10 [00:00<00:00, 34.69it/s]100%|##########| 10/10 [00:00<00:00, 34.62it/s]
04-11 08:56:22 Train-Loss Source Classifier: 0.0002
04-11 08:56:22 Train-Loss Discriminator: 0.6619
04-11 08:56:22 Train-Acc Source Data: 1.0000
04-11 08:56:22 Train-Acc Discriminator: 0.6203
  0%|          | 0/5 [00:00<?, ?it/s]100%|##########| 5/5 [00:00<00:00, 165.60it/s]
04-11 08:56:22 Val-Acc Target Data: 1.0000
04-11 08:56:22 The best model epoch 12, val-acc 1.0000
04-11 08:56:22 -----Epoch 13/30-----
04-11 08:56:22 current lr: [0.002, 0.002]
  0%|          | 0/10 [00:00<?, ?it/s] 40%|####      | 4/10 [00:00<00:00, 35.55it/s] 80%|########  | 8/10 [00:00<00:00, 34.24it/s]100%|##########| 10/10 [00:00<00:00, 34.60it/s]
04-11 08:56:22 Train-Loss Source Classifier: 0.0002
04-11 08:56:22 Train-Loss Discriminator: 0.6634
04-11 08:56:22 Train-Acc Source Data: 1.0000
04-11 08:56:22 Train-Acc Discriminator: 0.6328
  0%|          | 0/5 [00:00<?, ?it/s]100%|##########| 5/5 [00:00<00:00, 148.66it/s]
04-11 08:56:22 Val-Acc Target Data: 1.0000
04-11 08:56:22 The best model epoch 13, val-acc 1.0000
04-11 08:56:22 -----Epoch 14/30-----
04-11 08:56:22 current lr: [0.002, 0.002]
  0%|          | 0/10 [00:00<?, ?it/s] 40%|####      | 4/10 [00:00<00:00, 34.98it/s] 80%|########  | 8/10 [00:00<00:00, 34.19it/s]100%|##########| 10/10 [00:00<00:00, 34.31it/s]
04-11 08:56:23 Train-Loss Source Classifier: 0.0002
04-11 08:56:23 Train-Loss Discriminator: 0.6619
04-11 08:56:23 Train-Acc Source Data: 1.0000
04-11 08:56:23 Train-Acc Discriminator: 0.6039
  0%|          | 0/5 [00:00<?, ?it/s]100%|##########| 5/5 [00:00<00:00, 160.45it/s]
04-11 08:56:23 Val-Acc Target Data: 1.0000
04-11 08:56:23 The best model epoch 14, val-acc 1.0000
04-11 08:56:23 -----Epoch 15/30-----
04-11 08:56:23 current lr: [0.002, 0.002]
  0%|          | 0/10 [00:00<?, ?it/s] 40%|####      | 4/10 [00:00<00:00, 35.99it/s] 80%|########  | 8/10 [00:00<00:00, 34.49it/s]100%|##########| 10/10 [00:00<00:00, 35.16it/s]
04-11 08:56:23 Train-Loss Source Classifier: 0.0002
04-11 08:56:23 Train-Loss Discriminator: 0.6651
04-11 08:56:23 Train-Acc Source Data: 1.0000
04-11 08:56:23 Train-Acc Discriminator: 0.5984
  0%|          | 0/5 [00:00<?, ?it/s]100%|##########| 5/5 [00:00<00:00, 161.42it/s]
04-11 08:56:23 Val-Acc Target Data: 1.0000
04-11 08:56:23 The best model epoch 15, val-acc 1.0000
04-11 08:56:23 -----Epoch 16/30-----
04-11 08:56:23 current lr: [0.002, 0.002]
  0%|          | 0/10 [00:00<?, ?it/s] 40%|####      | 4/10 [00:00<00:00, 35.96it/s] 80%|########  | 8/10 [00:00<00:00, 34.76it/s]100%|##########| 10/10 [00:00<00:00, 34.92it/s]
04-11 08:56:23 Train-Loss Source Classifier: 0.0002
04-11 08:56:23 Train-Loss Discriminator: 0.6623
04-11 08:56:23 Train-Acc Source Data: 1.0000
04-11 08:56:23 Train-Acc Discriminator: 0.6188
  0%|          | 0/5 [00:00<?, ?it/s]100%|##########| 5/5 [00:00<00:00, 159.04it/s]
04-11 08:56:23 Val-Acc Target Data: 1.0000
04-11 08:56:23 The best model epoch 16, val-acc 1.0000
04-11 08:56:23 -----Epoch 17/30-----
04-11 08:56:23 current lr: [0.002, 0.002]
  0%|          | 0/10 [00:00<?, ?it/s] 40%|####      | 4/10 [00:00<00:00, 34.73it/s] 80%|########  | 8/10 [00:00<00:00, 34.09it/s]100%|##########| 10/10 [00:00<00:00, 34.36it/s]
04-11 08:56:24 Train-Loss Source Classifier: 0.0001
04-11 08:56:24 Train-Loss Discriminator: 0.6570
04-11 08:56:24 Train-Acc Source Data: 1.0000
04-11 08:56:24 Train-Acc Discriminator: 0.6398
  0%|          | 0/5 [00:00<?, ?it/s]100%|##########| 5/5 [00:00<00:00, 149.41it/s]
04-11 08:56:24 Val-Acc Target Data: 1.0000
04-11 08:56:24 The best model epoch 17, val-acc 1.0000
04-11 08:56:24 -----Epoch 18/30-----
04-11 08:56:24 current lr: [0.002, 0.002]
  0%|          | 0/10 [00:00<?, ?it/s] 40%|####      | 4/10 [00:00<00:00, 35.59it/s] 80%|########  | 8/10 [00:00<00:00, 34.28it/s]100%|##########| 10/10 [00:00<00:00, 34.50it/s]
04-11 08:56:24 Train-Loss Source Classifier: 0.0002
04-11 08:56:24 Train-Loss Discriminator: 0.6560
04-11 08:56:24 Train-Acc Source Data: 1.0000
04-11 08:56:24 Train-Acc Discriminator: 0.6297
  0%|          | 0/5 [00:00<?, ?it/s]100%|##########| 5/5 [00:00<00:00, 148.42it/s]
04-11 08:56:24 Val-Acc Target Data: 1.0000
04-11 08:56:24 The best model epoch 18, val-acc 1.0000
04-11 08:56:24 -----Epoch 19/30-----
04-11 08:56:24 current lr: [0.002, 0.002]
  0%|          | 0/10 [00:00<?, ?it/s] 40%|####      | 4/10 [00:00<00:00, 36.71it/s] 80%|########  | 8/10 [00:00<00:00, 35.21it/s]100%|##########| 10/10 [00:00<00:00, 35.51it/s]
04-11 08:56:24 Train-Loss Source Classifier: 0.0002
04-11 08:56:24 Train-Loss Discriminator: 0.6624
04-11 08:56:24 Train-Acc Source Data: 1.0000
04-11 08:56:24 Train-Acc Discriminator: 0.6180
  0%|          | 0/5 [00:00<?, ?it/s]100%|##########| 5/5 [00:00<00:00, 164.70it/s]
04-11 08:56:24 Val-Acc Target Data: 1.0000
04-11 08:56:24 The best model epoch 19, val-acc 1.0000
04-11 08:56:24 -----Epoch 20/30-----
04-11 08:56:24 current lr: [0.002, 0.002]
  0%|          | 0/10 [00:00<?, ?it/s] 40%|####      | 4/10 [00:00<00:00, 36.48it/s] 80%|########  | 8/10 [00:00<00:00, 34.59it/s]100%|##########| 10/10 [00:00<00:00, 35.10it/s]
04-11 08:56:25 Train-Loss Source Classifier: 0.0002
04-11 08:56:25 Train-Loss Discriminator: 0.6590
04-11 08:56:25 Train-Acc Source Data: 1.0000
04-11 08:56:25 Train-Acc Discriminator: 0.6375
  0%|          | 0/5 [00:00<?, ?it/s]100%|##########| 5/5 [00:00<00:00, 155.09it/s]
04-11 08:56:25 Val-Acc Target Data: 1.0000
04-11 08:56:25 The best model epoch 20, val-acc 1.0000
04-11 08:56:25 -----Epoch 21/30-----
04-11 08:56:25 current lr: [0.0004, 0.0004]
  0%|          | 0/10 [00:00<?, ?it/s] 40%|####      | 4/10 [00:00<00:00, 36.10it/s] 80%|########  | 8/10 [00:00<00:00, 34.54it/s]100%|##########| 10/10 [00:00<00:00, 34.55it/s]
04-11 08:56:25 Train-Loss Source Classifier: 0.0003
04-11 08:56:25 Train-Loss Discriminator: 0.6581
04-11 08:56:25 Train-Acc Source Data: 1.0000
04-11 08:56:25 Train-Acc Discriminator: 0.6383
  0%|          | 0/5 [00:00<?, ?it/s]100%|##########| 5/5 [00:00<00:00, 163.97it/s]
04-11 08:56:25 Val-Acc Target Data: 1.0000
04-11 08:56:25 The best model epoch 21, val-acc 1.0000
04-11 08:56:25 -----Epoch 22/30-----
04-11 08:56:25 current lr: [0.0004, 0.0004]
  0%|          | 0/10 [00:00<?, ?it/s] 40%|####      | 4/10 [00:00<00:00, 35.35it/s] 80%|########  | 8/10 [00:00<00:00, 34.37it/s]100%|##########| 10/10 [00:00<00:00, 34.14it/s]
04-11 08:56:25 Train-Loss Source Classifier: 0.0002
04-11 08:56:25 Train-Loss Discriminator: 0.6574
04-11 08:56:25 Train-Acc Source Data: 1.0000
04-11 08:56:25 Train-Acc Discriminator: 0.6344
  0%|          | 0/5 [00:00<?, ?it/s]100%|##########| 5/5 [00:00<00:00, 163.44it/s]
04-11 08:56:25 Val-Acc Target Data: 1.0000
04-11 08:56:25 The best model epoch 22, val-acc 1.0000
04-11 08:56:25 -----Epoch 23/30-----
04-11 08:56:25 current lr: [0.0004, 0.0004]
  0%|          | 0/10 [00:00<?, ?it/s] 40%|####      | 4/10 [00:00<00:00, 36.36it/s] 80%|########  | 8/10 [00:00<00:00, 34.49it/s]100%|##########| 10/10 [00:00<00:00, 34.42it/s]
04-11 08:56:26 Train-Loss Source Classifier: 0.0005
04-11 08:56:26 Train-Loss Discriminator: 0.6567
04-11 08:56:26 Train-Acc Source Data: 1.0000
04-11 08:56:26 Train-Acc Discriminator: 0.6250
  0%|          | 0/5 [00:00<?, ?it/s]100%|##########| 5/5 [00:00<00:00, 155.10it/s]
04-11 08:56:26 Val-Acc Target Data: 1.0000
04-11 08:56:26 The best model epoch 23, val-acc 1.0000
04-11 08:56:26 -----Epoch 24/30-----
04-11 08:56:26 current lr: [0.0004, 0.0004]
  0%|          | 0/10 [00:00<?, ?it/s] 40%|####      | 4/10 [00:00<00:00, 35.42it/s] 80%|########  | 8/10 [00:00<00:00, 35.11it/s]100%|##########| 10/10 [00:00<00:00, 34.99it/s]
04-11 08:56:26 Train-Loss Source Classifier: 0.0003
04-11 08:56:26 Train-Loss Discriminator: 0.6540
04-11 08:56:26 Train-Acc Source Data: 1.0000
04-11 08:56:26 Train-Acc Discriminator: 0.6547
  0%|          | 0/5 [00:00<?, ?it/s]100%|##########| 5/5 [00:00<00:00, 162.96it/s]
04-11 08:56:26 Val-Acc Target Data: 1.0000
04-11 08:56:26 The best model epoch 24, val-acc 1.0000
04-11 08:56:26 -----Epoch 25/30-----
04-11 08:56:26 current lr: [0.0004, 0.0004]
  0%|          | 0/10 [00:00<?, ?it/s] 40%|####      | 4/10 [00:00<00:00, 35.90it/s] 80%|########  | 8/10 [00:00<00:00, 34.71it/s]100%|##########| 10/10 [00:00<00:00, 35.17it/s]
04-11 08:56:26 Train-Loss Source Classifier: 0.0002
04-11 08:56:26 Train-Loss Discriminator: 0.6518
04-11 08:56:26 Train-Acc Source Data: 1.0000
04-11 08:56:26 Train-Acc Discriminator: 0.6406
  0%|          | 0/5 [00:00<?, ?it/s]100%|##########| 5/5 [00:00<00:00, 162.95it/s]
04-11 08:56:26 Val-Acc Target Data: 1.0000
04-11 08:56:26 The best model epoch 25, val-acc 1.0000
04-11 08:56:26 -----Epoch 26/30-----
04-11 08:56:26 current lr: [0.0004, 0.0004]
  0%|          | 0/10 [00:00<?, ?it/s] 40%|####      | 4/10 [00:00<00:00, 35.88it/s] 80%|########  | 8/10 [00:00<00:00, 34.57it/s]100%|##########| 10/10 [00:00<00:00, 34.36it/s]
04-11 08:56:27 Train-Loss Source Classifier: 0.0002
04-11 08:56:27 Train-Loss Discriminator: 0.6565
04-11 08:56:27 Train-Acc Source Data: 1.0000
04-11 08:56:27 Train-Acc Discriminator: 0.6156
  0%|          | 0/5 [00:00<?, ?it/s]100%|##########| 5/5 [00:00<00:00, 162.68it/s]
04-11 08:56:27 Val-Acc Target Data: 1.0000
04-11 08:56:27 The best model epoch 26, val-acc 1.0000
04-11 08:56:27 -----Epoch 27/30-----
04-11 08:56:27 current lr: [0.0004, 0.0004]
  0%|          | 0/10 [00:00<?, ?it/s] 40%|####      | 4/10 [00:00<00:00, 35.62it/s] 80%|########  | 8/10 [00:00<00:00, 34.72it/s]100%|##########| 10/10 [00:00<00:00, 34.73it/s]
04-11 08:56:27 Train-Loss Source Classifier: 0.0002
04-11 08:56:27 Train-Loss Discriminator: 0.6564
04-11 08:56:27 Train-Acc Source Data: 1.0000
04-11 08:56:27 Train-Acc Discriminator: 0.6195
  0%|          | 0/5 [00:00<?, ?it/s]100%|##########| 5/5 [00:00<00:00, 164.14it/s]
04-11 08:56:27 Val-Acc Target Data: 1.0000
04-11 08:56:27 The best model epoch 27, val-acc 1.0000
04-11 08:56:27 -----Epoch 28/30-----
04-11 08:56:27 current lr: [0.0004, 0.0004]
  0%|          | 0/10 [00:00<?, ?it/s] 40%|####      | 4/10 [00:00<00:00, 36.97it/s] 80%|########  | 8/10 [00:00<00:00, 34.40it/s]100%|##########| 10/10 [00:00<00:00, 34.44it/s]
04-11 08:56:27 Train-Loss Source Classifier: 0.0008
04-11 08:56:27 Train-Loss Discriminator: 0.6546
04-11 08:56:27 Train-Acc Source Data: 1.0000
04-11 08:56:27 Train-Acc Discriminator: 0.6273
  0%|          | 0/5 [00:00<?, ?it/s]100%|##########| 5/5 [00:00<00:00, 166.19it/s]
04-11 08:56:27 Val-Acc Target Data: 1.0000
04-11 08:56:27 The best model epoch 28, val-acc 1.0000
04-11 08:56:27 -----Epoch 29/30-----
04-11 08:56:27 current lr: [0.0004, 0.0004]
  0%|          | 0/10 [00:00<?, ?it/s] 40%|####      | 4/10 [00:00<00:00, 35.79it/s] 80%|########  | 8/10 [00:00<00:00, 35.30it/s]100%|##########| 10/10 [00:00<00:00, 34.49it/s]
04-11 08:56:28 Train-Loss Source Classifier: 0.0002
04-11 08:56:28 Train-Loss Discriminator: 0.6588
04-11 08:56:28 Train-Acc Source Data: 1.0000
04-11 08:56:28 Train-Acc Discriminator: 0.6406
  0%|          | 0/5 [00:00<?, ?it/s]100%|##########| 5/5 [00:00<00:00, 160.26it/s]
04-11 08:56:28 Val-Acc Target Data: 1.0000
04-11 08:56:28 The best model epoch 29, val-acc 1.0000
04-11 08:56:28 -----Epoch 30/30-----
04-11 08:56:28 current lr: [0.0004, 0.0004]
  0%|          | 0/10 [00:00<?, ?it/s] 40%|####      | 4/10 [00:00<00:00, 35.95it/s] 80%|########  | 8/10 [00:00<00:00, 34.66it/s]100%|##########| 10/10 [00:00<00:00, 34.46it/s]
04-11 08:56:28 Train-Loss Source Classifier: 0.0002
04-11 08:56:28 Train-Loss Discriminator: 0.6510
04-11 08:56:28 Train-Acc Source Data: 1.0000
04-11 08:56:28 Train-Acc Discriminator: 0.6578
  0%|          | 0/5 [00:00<?, ?it/s]100%|##########| 5/5 [00:00<00:00, 165.41it/s]
04-11 08:56:28 Val-Acc Target Data: 1.0000
04-11 08:56:28 The best model epoch 30, val-acc 1.0000
