04-11 13:30:35 imba: True
04-11 13:30:35 model_name: ACDANN
04-11 13:30:35 Domain: CWRU_imba
04-11 13:30:35 source: CWRU_1
04-11 13:30:35 target: CWRU_2
04-11 13:30:35 data_dir: ./datasets
04-11 13:30:35 train_mode: single_source
04-11 13:30:35 cuda_device: 0
04-11 13:30:35 save_dir: ./ckpt
04-11 13:30:35 max_epoch: 50
04-11 13:30:35 batch_size: 64
04-11 13:30:35 num_workers: 0
04-11 13:30:35 signal_size: 2048
04-11 13:30:35 random_state: 2024
04-11 13:30:35 normlizetype: mean-std
04-11 13:30:35 opt: sgd
04-11 13:30:35 lr: 0.001
04-11 13:30:35 momentum: 0.9
04-11 13:30:35 betas: (0.9, 0.999)
04-11 13:30:35 weight_decay: 0.0005
04-11 13:30:35 lr_scheduler: stepLR
04-11 13:30:35 gamma: 0.2
04-11 13:30:35 steps: 10
04-11 13:30:35 tradeoff: ['exp', 'exp', 'exp']
04-11 13:30:35 dropout: 0.0
04-11 13:30:35 save: False
04-11 13:30:35 load_path: 
04-11 13:30:35 save_path: ./ckpt/ACDANN/single_source/[CWRU_1]To[CWRU_2]_0411-133035
04-11 13:30:35 Detect 4 classes: ['ball', 'inner', 'normal', 'outer']
04-11 13:30:35 using 1 / 1 gpus
Training data length: 757
Testing data length: 379
Source Data Distribution:04-11 13:30:38 Source set CWRU_1 number of samples 1044.
+--------------+---------+
| Label        |   Count |
|--------------+---------|
| 0            |     261 |
| 1            |     261 |
| 2            |     261 |
| 3            |     261 |
| Dataset Size |    1044 |
+--------------+---------+

Training data length: 757
Testing data length: 379
Target Data Distribution:04-11 13:30:38 target training set number of samples 177.
+--------------+---------+-------+
|              |   train |   val |
|--------------+---------+-------|
| 0            |       1 |    87 |
| 1            |       1 |    87 |
| 2            |     174 |    87 |
| 3            |       1 |    87 |
| Dataset Size |     177 |   348 |
+--------------+---------+-------+

04-11 13:30:38 target validation set number of samples 348.
04-11 13:30:38 -----Epoch 1/50-----
04-11 13:30:38 current lr: [0.001, 0.001]
  0%|          | 0/2 [00:00<?, ?it/s]100%|##########| 2/2 [00:00<00:00, 21.92it/s]
04-11 13:30:38 Train-Loss Source Classifier: 1.3802
04-11 13:30:38 Train-Loss Discriminator: 0.6909
04-11 13:30:38 Train-Acc Source Data: 0.3047
04-11 13:30:38 Train-Acc Discriminator: 0.5273
  0%|          | 0/5 [00:00<?, ?it/s]100%|##########| 5/5 [00:00<00:00, 157.28it/s]
04-11 13:30:38 Val-Acc Target Data: 0.2719
04-11 13:30:38 The best model epoch 1, val-acc 0.2719
04-11 13:30:38 -----Epoch 2/50-----
04-11 13:30:38 current lr: [0.001, 0.001]
  0%|          | 0/2 [00:00<?, ?it/s]100%|##########| 2/2 [00:00<00:00, 35.44it/s]
04-11 13:30:38 Train-Loss Source Classifier: 1.3354
04-11 13:30:38 Train-Loss Discriminator: 0.6920
04-11 13:30:38 Train-Acc Source Data: 0.5469
04-11 13:30:38 Train-Acc Discriminator: 0.4727
  0%|          | 0/5 [00:00<?, ?it/s]100%|##########| 5/5 [00:00<00:00, 161.72it/s]
04-11 13:30:38 Val-Acc Target Data: 0.2719
04-11 13:30:38 The best model epoch 2, val-acc 0.2719
04-11 13:30:38 -----Epoch 3/50-----
04-11 13:30:38 current lr: [0.001, 0.001]
  0%|          | 0/2 [00:00<?, ?it/s]100%|##########| 2/2 [00:00<00:00, 37.10it/s]
04-11 13:30:38 Train-Loss Source Classifier: 1.3245
04-11 13:30:38 Train-Loss Discriminator: 0.6904
04-11 13:30:38 Train-Acc Source Data: 0.4688
04-11 13:30:38 Train-Acc Discriminator: 0.5195
  0%|          | 0/5 [00:00<?, ?it/s]100%|##########| 5/5 [00:00<00:00, 161.96it/s]
04-11 13:30:38 Val-Acc Target Data: 0.2719
04-11 13:30:38 The best model epoch 3, val-acc 0.2719
04-11 13:30:38 -----Epoch 4/50-----
04-11 13:30:38 current lr: [0.001, 0.001]
  0%|          | 0/2 [00:00<?, ?it/s]100%|##########| 2/2 [00:00<00:00, 40.62it/s]
04-11 13:30:38 Train-Loss Source Classifier: 1.2694
04-11 13:30:38 Train-Loss Discriminator: 0.6891
04-11 13:30:38 Train-Acc Source Data: 0.4219
04-11 13:30:38 Train-Acc Discriminator: 0.4883
  0%|          | 0/5 [00:00<?, ?it/s]100%|##########| 5/5 [00:00<00:00, 166.87it/s]
04-11 13:30:39 Val-Acc Target Data: 0.2719
04-11 13:30:39 The best model epoch 4, val-acc 0.2719
04-11 13:30:39 -----Epoch 5/50-----
04-11 13:30:39 current lr: [0.001, 0.001]
  0%|          | 0/2 [00:00<?, ?it/s]100%|##########| 2/2 [00:00<00:00, 35.69it/s]
04-11 13:30:39 Train-Loss Source Classifier: 1.2191
04-11 13:30:39 Train-Loss Discriminator: 0.6842
04-11 13:30:39 Train-Acc Source Data: 0.4844
04-11 13:30:39 Train-Acc Discriminator: 0.5312
  0%|          | 0/5 [00:00<?, ?it/s]100%|##########| 5/5 [00:00<00:00, 152.86it/s]
04-11 13:30:39 Val-Acc Target Data: 0.2844
04-11 13:30:39 The best model epoch 5, val-acc 0.2844
04-11 13:30:39 -----Epoch 6/50-----
04-11 13:30:39 current lr: [0.001, 0.001]
  0%|          | 0/2 [00:00<?, ?it/s]100%|##########| 2/2 [00:00<00:00, 40.31it/s]
04-11 13:30:39 Train-Loss Source Classifier: 1.2102
04-11 13:30:39 Train-Loss Discriminator: 0.6756
04-11 13:30:39 Train-Acc Source Data: 0.4219
04-11 13:30:39 Train-Acc Discriminator: 0.5039
  0%|          | 0/5 [00:00<?, ?it/s]100%|##########| 5/5 [00:00<00:00, 165.73it/s]
04-11 13:30:39 Val-Acc Target Data: 0.3219
04-11 13:30:39 The best model epoch 6, val-acc 0.3219
04-11 13:30:39 -----Epoch 7/50-----
04-11 13:30:39 current lr: [0.001, 0.001]
  0%|          | 0/2 [00:00<?, ?it/s]100%|##########| 2/2 [00:00<00:00, 37.40it/s]
04-11 13:30:39 Train-Loss Source Classifier: 1.1365
04-11 13:30:39 Train-Loss Discriminator: 0.6637
04-11 13:30:39 Train-Acc Source Data: 0.8203
04-11 13:30:39 Train-Acc Discriminator: 0.5039
  0%|          | 0/5 [00:00<?, ?it/s]100%|##########| 5/5 [00:00<00:00, 146.54it/s]
04-11 13:30:39 Val-Acc Target Data: 0.3844
04-11 13:30:39 The best model epoch 7, val-acc 0.3844
04-11 13:30:39 -----Epoch 8/50-----
04-11 13:30:39 current lr: [0.001, 0.001]
  0%|          | 0/2 [00:00<?, ?it/s]100%|##########| 2/2 [00:00<00:00, 35.45it/s]
04-11 13:30:39 Train-Loss Source Classifier: 1.0828
04-11 13:30:39 Train-Loss Discriminator: 0.6495
04-11 13:30:39 Train-Acc Source Data: 0.8203
04-11 13:30:39 Train-Acc Discriminator: 0.6992
  0%|          | 0/5 [00:00<?, ?it/s]100%|##########| 5/5 [00:00<00:00, 138.16it/s]
04-11 13:30:39 Val-Acc Target Data: 0.4562
04-11 13:30:39 The best model epoch 8, val-acc 0.4562
04-11 13:30:39 -----Epoch 9/50-----
04-11 13:30:39 current lr: [0.001, 0.001]
  0%|          | 0/2 [00:00<?, ?it/s]100%|##########| 2/2 [00:00<00:00, 35.55it/s]
04-11 13:30:39 Train-Loss Source Classifier: 1.0500
04-11 13:30:39 Train-Loss Discriminator: 0.6278
04-11 13:30:39 Train-Acc Source Data: 0.6250
04-11 13:30:39 Train-Acc Discriminator: 0.8984
  0%|          | 0/5 [00:00<?, ?it/s]100%|##########| 5/5 [00:00<00:00, 162.85it/s]
04-11 13:30:39 Val-Acc Target Data: 0.5281
04-11 13:30:39 The best model epoch 9, val-acc 0.5281
04-11 13:30:39 -----Epoch 10/50-----
04-11 13:30:39 current lr: [0.001, 0.001]
  0%|          | 0/2 [00:00<?, ?it/s]100%|##########| 2/2 [00:00<00:00, 34.39it/s]
04-11 13:30:39 Train-Loss Source Classifier: 0.9929
04-11 13:30:39 Train-Loss Discriminator: 0.5946
04-11 13:30:39 Train-Acc Source Data: 0.6016
04-11 13:30:39 Train-Acc Discriminator: 0.9375
  0%|          | 0/5 [00:00<?, ?it/s]100%|##########| 5/5 [00:00<00:00, 158.69it/s]
04-11 13:30:39 Val-Acc Target Data: 0.5906
04-11 13:30:39 The best model epoch 10, val-acc 0.5906
04-11 13:30:39 -----Epoch 11/50-----
04-11 13:30:39 current lr: [0.0002, 0.0002]
  0%|          | 0/2 [00:00<?, ?it/s]100%|##########| 2/2 [00:00<00:00, 39.09it/s]
04-11 13:30:39 Train-Loss Source Classifier: 0.9622
04-11 13:30:39 Train-Loss Discriminator: 0.5618
04-11 13:30:39 Train-Acc Source Data: 0.5156
04-11 13:30:39 Train-Acc Discriminator: 0.9258
  0%|          | 0/5 [00:00<?, ?it/s]100%|##########| 5/5 [00:00<00:00, 161.51it/s]
04-11 13:30:39 Val-Acc Target Data: 0.6375
04-11 13:30:39 The best model epoch 11, val-acc 0.6375
04-11 13:30:39 -----Epoch 12/50-----
04-11 13:30:39 current lr: [0.0002, 0.0002]
  0%|          | 0/2 [00:00<?, ?it/s]100%|##########| 2/2 [00:00<00:00, 35.76it/s]
04-11 13:30:39 Train-Loss Source Classifier: 0.9937
04-11 13:30:39 Train-Loss Discriminator: 0.5451
04-11 13:30:39 Train-Acc Source Data: 0.4375
04-11 13:30:39 Train-Acc Discriminator: 0.9336
  0%|          | 0/5 [00:00<?, ?it/s]100%|##########| 5/5 [00:00<00:00, 162.61it/s]
04-11 13:30:39 Val-Acc Target Data: 0.6531
04-11 13:30:39 The best model epoch 12, val-acc 0.6531
04-11 13:30:39 -----Epoch 13/50-----
04-11 13:30:39 current lr: [0.0002, 0.0002]
  0%|          | 0/2 [00:00<?, ?it/s]100%|##########| 2/2 [00:00<00:00, 33.59it/s]
04-11 13:30:39 Train-Loss Source Classifier: 0.8726
04-11 13:30:39 Train-Loss Discriminator: 0.5700
04-11 13:30:39 Train-Acc Source Data: 0.7109
04-11 13:30:39 Train-Acc Discriminator: 0.8477
  0%|          | 0/5 [00:00<?, ?it/s]100%|##########| 5/5 [00:00<00:00, 164.36it/s]
04-11 13:30:39 Val-Acc Target Data: 0.6844
04-11 13:30:39 The best model epoch 13, val-acc 0.6844
04-11 13:30:39 -----Epoch 14/50-----
04-11 13:30:39 current lr: [0.0002, 0.0002]
  0%|          | 0/2 [00:00<?, ?it/s]100%|##########| 2/2 [00:00<00:00, 35.81it/s]
04-11 13:30:39 Train-Loss Source Classifier: 0.8990
04-11 13:30:39 Train-Loss Discriminator: 0.5393
04-11 13:30:39 Train-Acc Source Data: 0.7734
04-11 13:30:39 Train-Acc Discriminator: 0.8906
  0%|          | 0/5 [00:00<?, ?it/s]100%|##########| 5/5 [00:00<00:00, 164.14it/s]
04-11 13:30:39 Val-Acc Target Data: 0.7219
04-11 13:30:39 The best model epoch 14, val-acc 0.7219
04-11 13:30:39 -----Epoch 15/50-----
04-11 13:30:39 current lr: [0.0002, 0.0002]
  0%|          | 0/2 [00:00<?, ?it/s]100%|##########| 2/2 [00:00<00:00, 39.02it/s]
04-11 13:30:40 Train-Loss Source Classifier: 0.9090
04-11 13:30:40 Train-Loss Discriminator: 0.5254
04-11 13:30:40 Train-Acc Source Data: 0.8203
04-11 13:30:40 Train-Acc Discriminator: 0.8828
  0%|          | 0/5 [00:00<?, ?it/s]100%|##########| 5/5 [00:00<00:00, 164.35it/s]
04-11 13:30:40 Val-Acc Target Data: 0.8406
04-11 13:30:40 The best model epoch 15, val-acc 0.8406
04-11 13:30:40 -----Epoch 16/50-----
04-11 13:30:40 current lr: [0.0002, 0.0002]
  0%|          | 0/2 [00:00<?, ?it/s]100%|##########| 2/2 [00:00<00:00, 36.04it/s]
04-11 13:30:40 Train-Loss Source Classifier: 0.8915
04-11 13:30:40 Train-Loss Discriminator: 0.5115
04-11 13:30:40 Train-Acc Source Data: 0.8750
04-11 13:30:40 Train-Acc Discriminator: 0.9102
  0%|          | 0/5 [00:00<?, ?it/s]100%|##########| 5/5 [00:00<00:00, 163.71it/s]
04-11 13:30:40 Val-Acc Target Data: 0.8531
04-11 13:30:40 The best model epoch 16, val-acc 0.8531
04-11 13:30:40 -----Epoch 17/50-----
04-11 13:30:40 current lr: [0.0002, 0.0002]
  0%|          | 0/2 [00:00<?, ?it/s]100%|##########| 2/2 [00:00<00:00, 39.41it/s]
04-11 13:30:40 Train-Loss Source Classifier: 0.9322
04-11 13:30:40 Train-Loss Discriminator: 0.4811
04-11 13:30:40 Train-Acc Source Data: 0.8906
04-11 13:30:40 Train-Acc Discriminator: 0.9297
  0%|          | 0/5 [00:00<?, ?it/s]100%|##########| 5/5 [00:00<00:00, 164.59it/s]
04-11 13:30:40 Val-Acc Target Data: 0.8406
04-11 13:30:40 The best model epoch 16, val-acc 0.8531
04-11 13:30:40 -----Epoch 18/50-----
04-11 13:30:40 current lr: [0.0002, 0.0002]
  0%|          | 0/2 [00:00<?, ?it/s]100%|##########| 2/2 [00:00<00:00, 37.13it/s]
04-11 13:30:40 Train-Loss Source Classifier: 0.8746
04-11 13:30:40 Train-Loss Discriminator: 0.4956
04-11 13:30:40 Train-Acc Source Data: 0.8594
04-11 13:30:40 Train-Acc Discriminator: 0.8828
  0%|          | 0/5 [00:00<?, ?it/s]100%|##########| 5/5 [00:00<00:00, 164.85it/s]
04-11 13:30:40 Val-Acc Target Data: 0.8219
04-11 13:30:40 The best model epoch 16, val-acc 0.8531
04-11 13:30:40 -----Epoch 19/50-----
04-11 13:30:40 current lr: [0.0002, 0.0002]
  0%|          | 0/2 [00:00<?, ?it/s]100%|##########| 2/2 [00:00<00:00, 34.22it/s]
04-11 13:30:40 Train-Loss Source Classifier: 0.8502
04-11 13:30:40 Train-Loss Discriminator: 0.4750
04-11 13:30:40 Train-Acc Source Data: 0.8750
04-11 13:30:40 Train-Acc Discriminator: 0.9062
  0%|          | 0/5 [00:00<?, ?it/s]100%|##########| 5/5 [00:00<00:00, 140.04it/s]
04-11 13:30:40 Val-Acc Target Data: 0.8156
04-11 13:30:40 The best model epoch 16, val-acc 0.8531
04-11 13:30:40 -----Epoch 20/50-----
04-11 13:30:40 current lr: [0.0002, 0.0002]
  0%|          | 0/2 [00:00<?, ?it/s]100%|##########| 2/2 [00:00<00:00, 38.77it/s]
04-11 13:30:40 Train-Loss Source Classifier: 0.8345
04-11 13:30:40 Train-Loss Discriminator: 0.4787
04-11 13:30:40 Train-Acc Source Data: 0.8516
04-11 13:30:40 Train-Acc Discriminator: 0.8789
  0%|          | 0/5 [00:00<?, ?it/s]100%|##########| 5/5 [00:00<00:00, 164.05it/s]
04-11 13:30:40 Val-Acc Target Data: 0.8125
04-11 13:30:40 The best model epoch 16, val-acc 0.8531
04-11 13:30:40 -----Epoch 21/50-----
04-11 13:30:40 current lr: [4e-05, 4e-05]
  0%|          | 0/2 [00:00<?, ?it/s]100%|##########| 2/2 [00:00<00:00, 32.07it/s]
04-11 13:30:40 Train-Loss Source Classifier: 0.8564
04-11 13:30:40 Train-Loss Discriminator: 0.4633
04-11 13:30:40 Train-Acc Source Data: 0.7344
04-11 13:30:40 Train-Acc Discriminator: 0.8828
  0%|          | 0/5 [00:00<?, ?it/s]100%|##########| 5/5 [00:00<00:00, 123.27it/s]
04-11 13:30:40 Val-Acc Target Data: 0.8125
04-11 13:30:40 The best model epoch 16, val-acc 0.8531
04-11 13:30:40 -----Epoch 22/50-----
04-11 13:30:40 current lr: [4e-05, 4e-05]
  0%|          | 0/2 [00:00<?, ?it/s]100%|##########| 2/2 [00:00<00:00, 38.80it/s]
04-11 13:30:40 Train-Loss Source Classifier: 0.8504
04-11 13:30:40 Train-Loss Discriminator: 0.4467
04-11 13:30:40 Train-Acc Source Data: 0.7969
04-11 13:30:40 Train-Acc Discriminator: 0.8984
  0%|          | 0/5 [00:00<?, ?it/s]100%|##########| 5/5 [00:00<00:00, 164.29it/s]
04-11 13:30:40 Val-Acc Target Data: 0.8187
04-11 13:30:40 The best model epoch 16, val-acc 0.8531
04-11 13:30:40 -----Epoch 23/50-----
04-11 13:30:40 current lr: [4e-05, 4e-05]
  0%|          | 0/2 [00:00<?, ?it/s]100%|##########| 2/2 [00:00<00:00, 36.86it/s]
04-11 13:30:40 Train-Loss Source Classifier: 0.8104
04-11 13:30:40 Train-Loss Discriminator: 0.4634
04-11 13:30:40 Train-Acc Source Data: 0.8359
04-11 13:30:40 Train-Acc Discriminator: 0.8750
  0%|          | 0/5 [00:00<?, ?it/s]100%|##########| 5/5 [00:00<00:00, 164.76it/s]
04-11 13:30:40 Val-Acc Target Data: 0.8219
04-11 13:30:40 The best model epoch 16, val-acc 0.8531
04-11 13:30:40 -----Epoch 24/50-----
04-11 13:30:40 current lr: [4e-05, 4e-05]
  0%|          | 0/2 [00:00<?, ?it/s]100%|##########| 2/2 [00:00<00:00, 37.22it/s]
04-11 13:30:40 Train-Loss Source Classifier: 0.8026
04-11 13:30:40 Train-Loss Discriminator: 0.4557
04-11 13:30:40 Train-Acc Source Data: 0.8672
04-11 13:30:40 Train-Acc Discriminator: 0.8867
  0%|          | 0/5 [00:00<?, ?it/s]100%|##########| 5/5 [00:00<00:00, 164.00it/s]
04-11 13:30:40 Val-Acc Target Data: 0.8250
04-11 13:30:40 The best model epoch 16, val-acc 0.8531
04-11 13:30:40 -----Epoch 25/50-----
04-11 13:30:40 current lr: [4e-05, 4e-05]
  0%|          | 0/2 [00:00<?, ?it/s]100%|##########| 2/2 [00:00<00:00, 41.12it/s]
04-11 13:30:41 Train-Loss Source Classifier: 0.8188
04-11 13:30:41 Train-Loss Discriminator: 0.4432
04-11 13:30:41 Train-Acc Source Data: 0.8594
04-11 13:30:41 Train-Acc Discriminator: 0.9062
  0%|          | 0/5 [00:00<?, ?it/s]100%|##########| 5/5 [00:00<00:00, 147.30it/s]
04-11 13:30:41 Val-Acc Target Data: 0.8344
04-11 13:30:41 The best model epoch 16, val-acc 0.8531
04-11 13:30:41 -----Epoch 26/50-----
04-11 13:30:41 current lr: [4e-05, 4e-05]
  0%|          | 0/2 [00:00<?, ?it/s]100%|##########| 2/2 [00:00<00:00, 36.73it/s]
04-11 13:30:41 Train-Loss Source Classifier: 0.7910
04-11 13:30:41 Train-Loss Discriminator: 0.4738
04-11 13:30:41 Train-Acc Source Data: 0.8516
04-11 13:30:41 Train-Acc Discriminator: 0.8359
  0%|          | 0/5 [00:00<?, ?it/s]100%|##########| 5/5 [00:00<00:00, 163.22it/s]
04-11 13:30:41 Val-Acc Target Data: 0.8313
04-11 13:30:41 The best model epoch 16, val-acc 0.8531
04-11 13:30:41 -----Epoch 27/50-----
04-11 13:30:41 current lr: [4e-05, 4e-05]
  0%|          | 0/2 [00:00<?, ?it/s]100%|##########| 2/2 [00:00<00:00, 40.50it/s]
04-11 13:30:41 Train-Loss Source Classifier: 0.8525
04-11 13:30:41 Train-Loss Discriminator: 0.4191
04-11 13:30:41 Train-Acc Source Data: 0.8438
04-11 13:30:41 Train-Acc Discriminator: 0.9219
  0%|          | 0/5 [00:00<?, ?it/s]100%|##########| 5/5 [00:00<00:00, 142.73it/s]
04-11 13:30:41 Val-Acc Target Data: 0.8313
04-11 13:30:41 The best model epoch 16, val-acc 0.8531
04-11 13:30:41 -----Epoch 28/50-----
04-11 13:30:41 current lr: [4e-05, 4e-05]
  0%|          | 0/2 [00:00<?, ?it/s]100%|##########| 2/2 [00:00<00:00, 38.05it/s]
04-11 13:30:41 Train-Loss Source Classifier: 0.7942
04-11 13:30:41 Train-Loss Discriminator: 0.4555
04-11 13:30:41 Train-Acc Source Data: 0.9219
04-11 13:30:41 Train-Acc Discriminator: 0.8555
  0%|          | 0/5 [00:00<?, ?it/s]100%|##########| 5/5 [00:00<00:00, 164.20it/s]
04-11 13:30:41 Val-Acc Target Data: 0.8375
04-11 13:30:41 The best model epoch 16, val-acc 0.8531
04-11 13:30:41 -----Epoch 29/50-----
04-11 13:30:41 current lr: [4e-05, 4e-05]
  0%|          | 0/2 [00:00<?, ?it/s]100%|##########| 2/2 [00:00<00:00, 35.39it/s]
04-11 13:30:41 Train-Loss Source Classifier: 0.8150
04-11 13:30:41 Train-Loss Discriminator: 0.4584
04-11 13:30:41 Train-Acc Source Data: 0.9219
04-11 13:30:41 Train-Acc Discriminator: 0.8516
  0%|          | 0/5 [00:00<?, ?it/s]100%|##########| 5/5 [00:00<00:00, 167.82it/s]
04-11 13:30:41 Val-Acc Target Data: 0.8375
04-11 13:30:41 The best model epoch 16, val-acc 0.8531
04-11 13:30:41 -----Epoch 30/50-----
04-11 13:30:41 current lr: [4e-05, 4e-05]
  0%|          | 0/2 [00:00<?, ?it/s]100%|##########| 2/2 [00:00<00:00, 37.24it/s]
04-11 13:30:41 Train-Loss Source Classifier: 0.8227
04-11 13:30:41 Train-Loss Discriminator: 0.4495
04-11 13:30:41 Train-Acc Source Data: 0.8594
04-11 13:30:41 Train-Acc Discriminator: 0.8555
  0%|          | 0/5 [00:00<?, ?it/s]100%|##########| 5/5 [00:00<00:00, 164.40it/s]
04-11 13:30:41 Val-Acc Target Data: 0.8438
04-11 13:30:41 The best model epoch 16, val-acc 0.8531
04-11 13:30:41 -----Epoch 31/50-----
04-11 13:30:41 current lr: [8.000000000000001e-06, 8.000000000000001e-06]
  0%|          | 0/2 [00:00<?, ?it/s]100%|##########| 2/2 [00:00<00:00, 40.30it/s]
04-11 13:30:41 Train-Loss Source Classifier: 0.8084
04-11 13:30:41 Train-Loss Discriminator: 0.4411
04-11 13:30:41 Train-Acc Source Data: 0.8828
04-11 13:30:41 Train-Acc Discriminator: 0.8867
  0%|          | 0/5 [00:00<?, ?it/s]100%|##########| 5/5 [00:00<00:00, 136.83it/s]
04-11 13:30:41 Val-Acc Target Data: 0.8500
04-11 13:30:41 The best model epoch 16, val-acc 0.8531
04-11 13:30:41 -----Epoch 32/50-----
04-11 13:30:41 current lr: [8.000000000000001e-06, 8.000000000000001e-06]
  0%|          | 0/2 [00:00<?, ?it/s]100%|##########| 2/2 [00:00<00:00, 36.73it/s]
04-11 13:30:41 Train-Loss Source Classifier: 0.8032
04-11 13:30:41 Train-Loss Discriminator: 0.4376
04-11 13:30:41 Train-Acc Source Data: 0.8984
04-11 13:30:41 Train-Acc Discriminator: 0.8750
  0%|          | 0/5 [00:00<?, ?it/s]100%|##########| 5/5 [00:00<00:00, 167.28it/s]
04-11 13:30:41 Val-Acc Target Data: 0.8469
04-11 13:30:41 The best model epoch 16, val-acc 0.8531
04-11 13:30:41 -----Epoch 33/50-----
04-11 13:30:41 current lr: [8.000000000000001e-06, 8.000000000000001e-06]
  0%|          | 0/2 [00:00<?, ?it/s]100%|##########| 2/2 [00:00<00:00, 35.00it/s]
04-11 13:30:41 Train-Loss Source Classifier: 0.7872
04-11 13:30:41 Train-Loss Discriminator: 0.4363
04-11 13:30:41 Train-Acc Source Data: 0.8906
04-11 13:30:41 Train-Acc Discriminator: 0.8867
  0%|          | 0/5 [00:00<?, ?it/s]100%|##########| 5/5 [00:00<00:00, 163.66it/s]
04-11 13:30:41 Val-Acc Target Data: 0.8469
04-11 13:30:41 The best model epoch 16, val-acc 0.8531
04-11 13:30:41 -----Epoch 34/50-----
04-11 13:30:41 current lr: [8.000000000000001e-06, 8.000000000000001e-06]
  0%|          | 0/2 [00:00<?, ?it/s]100%|##########| 2/2 [00:00<00:00, 34.34it/s]
04-11 13:30:41 Train-Loss Source Classifier: 0.7867
04-11 13:30:41 Train-Loss Discriminator: 0.4511
04-11 13:30:41 Train-Acc Source Data: 0.8828
04-11 13:30:41 Train-Acc Discriminator: 0.8594
  0%|          | 0/5 [00:00<?, ?it/s]100%|##########| 5/5 [00:00<00:00, 163.46it/s]
04-11 13:30:41 Val-Acc Target Data: 0.8469
04-11 13:30:41 The best model epoch 16, val-acc 0.8531
04-11 13:30:41 -----Epoch 35/50-----
04-11 13:30:41 current lr: [8.000000000000001e-06, 8.000000000000001e-06]
  0%|          | 0/2 [00:00<?, ?it/s]100%|##########| 2/2 [00:00<00:00, 35.60it/s]
04-11 13:30:41 Train-Loss Source Classifier: 0.8572
04-11 13:30:41 Train-Loss Discriminator: 0.4226
04-11 13:30:41 Train-Acc Source Data: 0.8281
04-11 13:30:41 Train-Acc Discriminator: 0.8945
  0%|          | 0/5 [00:00<?, ?it/s]100%|##########| 5/5 [00:00<00:00, 163.68it/s]
04-11 13:30:42 Val-Acc Target Data: 0.8438
04-11 13:30:42 The best model epoch 16, val-acc 0.8531
04-11 13:30:42 -----Epoch 36/50-----
04-11 13:30:42 current lr: [8.000000000000001e-06, 8.000000000000001e-06]
  0%|          | 0/2 [00:00<?, ?it/s]100%|##########| 2/2 [00:00<00:00, 37.63it/s]
04-11 13:30:42 Train-Loss Source Classifier: 0.7988
04-11 13:30:42 Train-Loss Discriminator: 0.4310
04-11 13:30:42 Train-Acc Source Data: 0.8438
04-11 13:30:42 Train-Acc Discriminator: 0.8906
  0%|          | 0/5 [00:00<?, ?it/s]100%|##########| 5/5 [00:00<00:00, 163.42it/s]
04-11 13:30:42 Val-Acc Target Data: 0.8438
04-11 13:30:42 The best model epoch 16, val-acc 0.8531
04-11 13:30:42 -----Epoch 37/50-----
04-11 13:30:42 current lr: [8.000000000000001e-06, 8.000000000000001e-06]
  0%|          | 0/2 [00:00<?, ?it/s]100%|##########| 2/2 [00:00<00:00, 37.51it/s]
04-11 13:30:42 Train-Loss Source Classifier: 0.8129
04-11 13:30:42 Train-Loss Discriminator: 0.4017
04-11 13:30:42 Train-Acc Source Data: 0.9219
04-11 13:30:42 Train-Acc Discriminator: 0.9219
  0%|          | 0/5 [00:00<?, ?it/s]100%|##########| 5/5 [00:00<00:00, 160.30it/s]
04-11 13:30:42 Val-Acc Target Data: 0.8438
04-11 13:30:42 The best model epoch 16, val-acc 0.8531
04-11 13:30:42 -----Epoch 38/50-----
04-11 13:30:42 current lr: [8.000000000000001e-06, 8.000000000000001e-06]
  0%|          | 0/2 [00:00<?, ?it/s]100%|##########| 2/2 [00:00<00:00, 34.87it/s]
04-11 13:30:42 Train-Loss Source Classifier: 0.7856
04-11 13:30:42 Train-Loss Discriminator: 0.4580
04-11 13:30:42 Train-Acc Source Data: 0.9062
04-11 13:30:42 Train-Acc Discriminator: 0.8477
  0%|          | 0/5 [00:00<?, ?it/s]100%|##########| 5/5 [00:00<00:00, 164.53it/s]
04-11 13:30:42 Val-Acc Target Data: 0.8406
04-11 13:30:42 The best model epoch 16, val-acc 0.8531
04-11 13:30:42 -----Epoch 39/50-----
04-11 13:30:42 current lr: [8.000000000000001e-06, 8.000000000000001e-06]
  0%|          | 0/2 [00:00<?, ?it/s]100%|##########| 2/2 [00:00<00:00, 39.43it/s]
04-11 13:30:42 Train-Loss Source Classifier: 0.8035
04-11 13:30:42 Train-Loss Discriminator: 0.4536
04-11 13:30:42 Train-Acc Source Data: 0.8984
04-11 13:30:42 Train-Acc Discriminator: 0.8594
  0%|          | 0/5 [00:00<?, ?it/s]100%|##########| 5/5 [00:00<00:00, 160.84it/s]
04-11 13:30:42 Val-Acc Target Data: 0.8500
04-11 13:30:42 The best model epoch 16, val-acc 0.8531
04-11 13:30:42 -----Epoch 40/50-----
04-11 13:30:42 current lr: [8.000000000000001e-06, 8.000000000000001e-06]
  0%|          | 0/2 [00:00<?, ?it/s]100%|##########| 2/2 [00:00<00:00, 39.42it/s]
04-11 13:30:42 Train-Loss Source Classifier: 0.8363
04-11 13:30:42 Train-Loss Discriminator: 0.4054
04-11 13:30:42 Train-Acc Source Data: 0.8828
04-11 13:30:42 Train-Acc Discriminator: 0.9141
  0%|          | 0/5 [00:00<?, ?it/s]100%|##########| 5/5 [00:00<00:00, 160.41it/s]
04-11 13:30:42 Val-Acc Target Data: 0.8438
04-11 13:30:42 The best model epoch 16, val-acc 0.8531
04-11 13:30:42 -----Epoch 41/50-----
04-11 13:30:42 current lr: [1.6000000000000004e-06, 1.6000000000000004e-06]
  0%|          | 0/2 [00:00<?, ?it/s]100%|##########| 2/2 [00:00<00:00, 37.28it/s]
04-11 13:30:42 Train-Loss Source Classifier: 0.8374
04-11 13:30:42 Train-Loss Discriminator: 0.4261
04-11 13:30:42 Train-Acc Source Data: 0.8359
04-11 13:30:42 Train-Acc Discriminator: 0.8945
  0%|          | 0/5 [00:00<?, ?it/s]100%|##########| 5/5 [00:00<00:00, 165.74it/s]
04-11 13:30:42 Val-Acc Target Data: 0.8438
04-11 13:30:42 The best model epoch 16, val-acc 0.8531
04-11 13:30:42 -----Epoch 42/50-----
04-11 13:30:42 current lr: [1.6000000000000004e-06, 1.6000000000000004e-06]
  0%|          | 0/2 [00:00<?, ?it/s]100%|##########| 2/2 [00:00<00:00, 33.04it/s]
04-11 13:30:42 Train-Loss Source Classifier: 0.7941
04-11 13:30:42 Train-Loss Discriminator: 0.4418
04-11 13:30:42 Train-Acc Source Data: 0.8828
04-11 13:30:42 Train-Acc Discriminator: 0.8750
  0%|          | 0/5 [00:00<?, ?it/s]100%|##########| 5/5 [00:00<00:00, 167.39it/s]
04-11 13:30:42 Val-Acc Target Data: 0.8438
04-11 13:30:42 The best model epoch 16, val-acc 0.8531
04-11 13:30:42 -----Epoch 43/50-----
04-11 13:30:42 current lr: [1.6000000000000004e-06, 1.6000000000000004e-06]
  0%|          | 0/2 [00:00<?, ?it/s]100%|##########| 2/2 [00:00<00:00, 39.54it/s]
04-11 13:30:42 Train-Loss Source Classifier: 0.7814
04-11 13:30:42 Train-Loss Discriminator: 0.4393
04-11 13:30:42 Train-Acc Source Data: 0.9141
04-11 13:30:42 Train-Acc Discriminator: 0.8594
  0%|          | 0/5 [00:00<?, ?it/s]100%|##########| 5/5 [00:00<00:00, 160.17it/s]
04-11 13:30:42 Val-Acc Target Data: 0.8438
04-11 13:30:42 The best model epoch 16, val-acc 0.8531
04-11 13:30:42 -----Epoch 44/50-----
04-11 13:30:42 current lr: [1.6000000000000004e-06, 1.6000000000000004e-06]
  0%|          | 0/2 [00:00<?, ?it/s]100%|##########| 2/2 [00:00<00:00, 35.33it/s]
04-11 13:30:42 Train-Loss Source Classifier: 0.7825
04-11 13:30:42 Train-Loss Discriminator: 0.4382
04-11 13:30:42 Train-Acc Source Data: 0.9609
04-11 13:30:42 Train-Acc Discriminator: 0.8711
  0%|          | 0/5 [00:00<?, ?it/s]100%|##########| 5/5 [00:00<00:00, 166.66it/s]
04-11 13:30:42 Val-Acc Target Data: 0.8438
04-11 13:30:42 The best model epoch 16, val-acc 0.8531
04-11 13:30:42 -----Epoch 45/50-----
04-11 13:30:42 current lr: [1.6000000000000004e-06, 1.6000000000000004e-06]
  0%|          | 0/2 [00:00<?, ?it/s]100%|##########| 2/2 [00:00<00:00, 33.28it/s]
04-11 13:30:42 Train-Loss Source Classifier: 0.8219
04-11 13:30:42 Train-Loss Discriminator: 0.4024
04-11 13:30:42 Train-Acc Source Data: 0.8672
04-11 13:30:42 Train-Acc Discriminator: 0.9141
  0%|          | 0/5 [00:00<?, ?it/s]100%|##########| 5/5 [00:00<00:00, 150.51it/s]
04-11 13:30:42 Val-Acc Target Data: 0.8438
04-11 13:30:42 The best model epoch 16, val-acc 0.8531
04-11 13:30:42 -----Epoch 46/50-----
04-11 13:30:42 current lr: [1.6000000000000004e-06, 1.6000000000000004e-06]
  0%|          | 0/2 [00:00<?, ?it/s]100%|##########| 2/2 [00:00<00:00, 37.84it/s]
04-11 13:30:43 Train-Loss Source Classifier: 0.7939
04-11 13:30:43 Train-Loss Discriminator: 0.4558
04-11 13:30:43 Train-Acc Source Data: 0.8438
04-11 13:30:43 Train-Acc Discriminator: 0.8477
  0%|          | 0/5 [00:00<?, ?it/s]100%|##########| 5/5 [00:00<00:00, 167.16it/s]
04-11 13:30:43 Val-Acc Target Data: 0.8469
04-11 13:30:43 The best model epoch 16, val-acc 0.8531
04-11 13:30:43 -----Epoch 47/50-----
04-11 13:30:43 current lr: [1.6000000000000004e-06, 1.6000000000000004e-06]
  0%|          | 0/2 [00:00<?, ?it/s]100%|##########| 2/2 [00:00<00:00, 38.65it/s]
04-11 13:30:43 Train-Loss Source Classifier: 0.7936
04-11 13:30:43 Train-Loss Discriminator: 0.4302
04-11 13:30:43 Train-Acc Source Data: 0.8906
04-11 13:30:43 Train-Acc Discriminator: 0.8789
  0%|          | 0/5 [00:00<?, ?it/s]100%|##########| 5/5 [00:00<00:00, 163.64it/s]
04-11 13:30:43 Val-Acc Target Data: 0.8438
04-11 13:30:43 The best model epoch 16, val-acc 0.8531
04-11 13:30:43 -----Epoch 48/50-----
04-11 13:30:43 current lr: [1.6000000000000004e-06, 1.6000000000000004e-06]
  0%|          | 0/2 [00:00<?, ?it/s]100%|##########| 2/2 [00:00<00:00, 38.69it/s]
04-11 13:30:43 Train-Loss Source Classifier: 0.8048
04-11 13:30:43 Train-Loss Discriminator: 0.4420
04-11 13:30:43 Train-Acc Source Data: 0.9062
04-11 13:30:43 Train-Acc Discriminator: 0.8750
  0%|          | 0/5 [00:00<?, ?it/s]100%|##########| 5/5 [00:00<00:00, 164.31it/s]
04-11 13:30:43 Val-Acc Target Data: 0.8438
04-11 13:30:43 The best model epoch 16, val-acc 0.8531
04-11 13:30:43 -----Epoch 49/50-----
04-11 13:30:43 current lr: [1.6000000000000004e-06, 1.6000000000000004e-06]
  0%|          | 0/2 [00:00<?, ?it/s]100%|##########| 2/2 [00:00<00:00, 40.13it/s]
04-11 13:30:43 Train-Loss Source Classifier: 0.8172
04-11 13:30:43 Train-Loss Discriminator: 0.4171
04-11 13:30:43 Train-Acc Source Data: 0.8750
04-11 13:30:43 Train-Acc Discriminator: 0.8945
  0%|          | 0/5 [00:00<?, ?it/s]100%|##########| 5/5 [00:00<00:00, 163.02it/s]
04-11 13:30:43 Val-Acc Target Data: 0.8438
04-11 13:30:43 The best model epoch 16, val-acc 0.8531
04-11 13:30:43 -----Epoch 50/50-----
04-11 13:30:43 current lr: [1.6000000000000004e-06, 1.6000000000000004e-06]
  0%|          | 0/2 [00:00<?, ?it/s]100%|##########| 2/2 [00:00<00:00, 37.55it/s]
04-11 13:30:43 Train-Loss Source Classifier: 0.7949
04-11 13:30:43 Train-Loss Discriminator: 0.4384
04-11 13:30:43 Train-Acc Source Data: 0.9141
04-11 13:30:43 Train-Acc Discriminator: 0.8633
  0%|          | 0/5 [00:00<?, ?it/s]100%|##########| 5/5 [00:00<00:00, 162.98it/s]
04-11 13:30:43 Val-Acc Target Data: 0.8438
04-11 13:30:43 The best model epoch 16, val-acc 0.8531
