04-11 13:49:57 imba: True
04-11 13:49:57 model_name: CORAL
04-11 13:49:57 Domain: JNU_imba
04-11 13:49:57 source: JNU_2
04-11 13:49:57 target: JNU_0
04-11 13:49:57 data_dir: ./datasets
04-11 13:49:57 train_mode: single_source
04-11 13:49:57 cuda_device: 0
04-11 13:49:57 save_dir: ./ckpt
04-11 13:49:57 max_epoch: 50
04-11 13:49:57 batch_size: 64
04-11 13:49:57 num_workers: 0
04-11 13:49:57 signal_size: 2048
04-11 13:49:57 random_state: 2024
04-11 13:49:57 normlizetype: mean-std
04-11 13:49:57 opt: sgd
04-11 13:49:57 lr: 0.001
04-11 13:49:57 momentum: 0.9
04-11 13:49:57 betas: (0.9, 0.999)
04-11 13:49:57 weight_decay: 0.0005
04-11 13:49:57 lr_scheduler: stepLR
04-11 13:49:57 gamma: 0.2
04-11 13:49:57 steps: 10
04-11 13:49:57 tradeoff: ['exp', 'exp', 'exp']
04-11 13:49:57 dropout: 0.0
04-11 13:49:57 save: False
04-11 13:49:57 load_path: 
04-11 13:49:57 save_path: ./ckpt/CORAL/single_source/[JNU_2]To[JNU_0]_0411-134957
04-11 13:49:57 Detect 4 classes: ['ball', 'inner', 'normal', 'outer']
04-11 13:49:57 using 1 / 1 gpus
Training data length: 1461
Testing data length: 732
Source Data Distribution:
+--------------+---------+
| Label        |   Count |
|--------------+---------|
| 0            |     365 |
| 1            |     365 |
| 2            |     365 |
| 3            |     365 |
| Dataset Size |    1460 |
+--------------+---------+
04-11 13:50:08 Source set JNU_2 number of samples 1460.
Training data length: 1461
Testing data length: 732
Target Data Distribution:
04-11 13:50:15 target training set number of samples 249.
+--------------+---------+-------+
|              |   train |   val |
|--------------+---------+-------|
| 0            |       2 |   122 |
| 1            |       2 |   122 |
| 2            |     243 |   122 |
| 3            |       2 |   122 |
| Dataset Size |     249 |   488 |
+--------------+---------+-------+
04-11 13:50:15 target validation set number of samples 488.
04-11 13:50:15 -----Epoch 1/50-----
04-11 13:50:15 current lr: [0.001]
  0%|          | 0/3 [00:00<?, ?it/s]100%|##########| 3/3 [00:00<00:00, 24.56it/s]100%|##########| 3/3 [00:00<00:00, 24.52it/s]
04-11 13:50:15 Train-Loss Source Classifier: 1.4237
04-11 13:50:15 Train-Loss CORAL: 1.6681
04-11 13:50:15 Train-Acc Source Data: 0.1927
  0%|          | 0/7 [00:00<?, ?it/s]100%|##########| 7/7 [00:00<00:00, 151.56it/s]
04-11 13:50:15 Val-Acc Target Data: 0.2723
04-11 13:50:15 The best model epoch 1, val-acc 0.2723
04-11 13:50:15 -----Epoch 2/50-----
04-11 13:50:15 current lr: [0.001]
  0%|          | 0/3 [00:00<?, ?it/s]100%|##########| 3/3 [00:00<00:00, 39.15it/s]
04-11 13:50:16 Train-Loss Source Classifier: 1.3843
04-11 13:50:16 Train-Loss CORAL: 1.7146
04-11 13:50:16 Train-Acc Source Data: 0.2448
  0%|          | 0/7 [00:00<?, ?it/s]100%|##########| 7/7 [00:00<00:00, 161.19it/s]
04-11 13:50:16 Val-Acc Target Data: 0.2723
04-11 13:50:16 The best model epoch 2, val-acc 0.2723
04-11 13:50:16 -----Epoch 3/50-----
04-11 13:50:16 current lr: [0.001]
  0%|          | 0/3 [00:00<?, ?it/s]100%|##########| 3/3 [00:00<00:00, 37.20it/s]
04-11 13:50:16 Train-Loss Source Classifier: 1.3855
04-11 13:50:16 Train-Loss CORAL: 1.5000
04-11 13:50:16 Train-Acc Source Data: 0.2240
  0%|          | 0/7 [00:00<?, ?it/s]100%|##########| 7/7 [00:00<00:00, 156.90it/s]
04-11 13:50:16 Val-Acc Target Data: 0.2723
04-11 13:50:16 The best model epoch 3, val-acc 0.2723
04-11 13:50:16 -----Epoch 4/50-----
04-11 13:50:16 current lr: [0.001]
  0%|          | 0/3 [00:00<?, ?it/s]100%|##########| 3/3 [00:00<00:00, 36.57it/s]
04-11 13:50:16 Train-Loss Source Classifier: 1.3479
04-11 13:50:16 Train-Loss CORAL: 1.4056
04-11 13:50:16 Train-Acc Source Data: 0.2500
  0%|          | 0/7 [00:00<?, ?it/s]100%|##########| 7/7 [00:00<00:00, 151.15it/s]
04-11 13:50:16 Val-Acc Target Data: 0.2723
04-11 13:50:16 The best model epoch 4, val-acc 0.2723
04-11 13:50:16 -----Epoch 5/50-----
04-11 13:50:16 current lr: [0.001]
  0%|          | 0/3 [00:00<?, ?it/s]100%|##########| 3/3 [00:00<00:00, 41.23it/s]
04-11 13:50:16 Train-Loss Source Classifier: 1.3249
04-11 13:50:16 Train-Loss CORAL: 1.5148
04-11 13:50:16 Train-Acc Source Data: 0.2344
  0%|          | 0/7 [00:00<?, ?it/s]100%|##########| 7/7 [00:00<00:00, 152.84it/s]
04-11 13:50:16 Val-Acc Target Data: 0.2634
04-11 13:50:16 The best model epoch 4, val-acc 0.2723
04-11 13:50:16 -----Epoch 6/50-----
04-11 13:50:16 current lr: [0.001]
  0%|          | 0/3 [00:00<?, ?it/s]100%|##########| 3/3 [00:00<00:00, 36.47it/s]
04-11 13:50:16 Train-Loss Source Classifier: 1.2680
04-11 13:50:16 Train-Loss CORAL: 1.2849
04-11 13:50:16 Train-Acc Source Data: 0.4115
  0%|          | 0/7 [00:00<?, ?it/s]100%|##########| 7/7 [00:00<00:00, 158.86it/s]
04-11 13:50:16 Val-Acc Target Data: 0.3170
04-11 13:50:16 The best model epoch 6, val-acc 0.3170
04-11 13:50:16 -----Epoch 7/50-----
04-11 13:50:16 current lr: [0.001]
  0%|          | 0/3 [00:00<?, ?it/s]100%|##########| 3/3 [00:00<00:00, 38.45it/s]
04-11 13:50:16 Train-Loss Source Classifier: 1.2473
04-11 13:50:16 Train-Loss CORAL: 1.0948
04-11 13:50:16 Train-Acc Source Data: 0.4167
  0%|          | 0/7 [00:00<?, ?it/s]100%|##########| 7/7 [00:00<00:00, 161.07it/s]
04-11 13:50:16 Val-Acc Target Data: 0.2790
04-11 13:50:16 The best model epoch 6, val-acc 0.3170
04-11 13:50:16 -----Epoch 8/50-----
04-11 13:50:16 current lr: [0.001]
  0%|          | 0/3 [00:00<?, ?it/s]100%|##########| 3/3 [00:00<00:00, 37.72it/s]
04-11 13:50:16 Train-Loss Source Classifier: 1.2535
04-11 13:50:16 Train-Loss CORAL: 0.7058
04-11 13:50:16 Train-Acc Source Data: 0.4844
  0%|          | 0/7 [00:00<?, ?it/s]100%|##########| 7/7 [00:00<00:00, 160.75it/s]
04-11 13:50:16 Val-Acc Target Data: 0.4888
04-11 13:50:16 The best model epoch 8, val-acc 0.4888
04-11 13:50:16 -----Epoch 9/50-----
04-11 13:50:16 current lr: [0.001]
  0%|          | 0/3 [00:00<?, ?it/s]100%|##########| 3/3 [00:00<00:00, 37.76it/s]
04-11 13:50:16 Train-Loss Source Classifier: 1.2138
04-11 13:50:16 Train-Loss CORAL: 0.5722
04-11 13:50:16 Train-Acc Source Data: 0.6146
  0%|          | 0/7 [00:00<?, ?it/s]100%|##########| 7/7 [00:00<00:00, 159.45it/s]
04-11 13:50:16 Val-Acc Target Data: 0.4866
04-11 13:50:16 The best model epoch 8, val-acc 0.4888
04-11 13:50:16 -----Epoch 10/50-----
04-11 13:50:16 current lr: [0.001]
  0%|          | 0/3 [00:00<?, ?it/s]100%|##########| 3/3 [00:00<00:00, 39.39it/s]
04-11 13:50:17 Train-Loss Source Classifier: 1.1817
04-11 13:50:17 Train-Loss CORAL: 0.4250
04-11 13:50:17 Train-Acc Source Data: 0.6667
  0%|          | 0/7 [00:00<?, ?it/s]100%|##########| 7/7 [00:00<00:00, 160.00it/s]
04-11 13:50:17 Val-Acc Target Data: 0.5379
04-11 13:50:17 The best model epoch 10, val-acc 0.5379
04-11 13:50:17 -----Epoch 11/50-----
04-11 13:50:17 current lr: [0.0002]
  0%|          | 0/3 [00:00<?, ?it/s]100%|##########| 3/3 [00:00<00:00, 40.73it/s]
04-11 13:50:17 Train-Loss Source Classifier: 1.2267
04-11 13:50:17 Train-Loss CORAL: 0.4436
04-11 13:50:17 Train-Acc Source Data: 0.5833
  0%|          | 0/7 [00:00<?, ?it/s]100%|##########| 7/7 [00:00<00:00, 158.64it/s]
04-11 13:50:17 Val-Acc Target Data: 0.5424
04-11 13:50:17 The best model epoch 11, val-acc 0.5424
04-11 13:50:17 -----Epoch 12/50-----
04-11 13:50:17 current lr: [0.0002]
  0%|          | 0/3 [00:00<?, ?it/s]100%|##########| 3/3 [00:00<00:00, 38.74it/s]
04-11 13:50:17 Train-Loss Source Classifier: 1.1734
04-11 13:50:17 Train-Loss CORAL: 0.3910
04-11 13:50:17 Train-Acc Source Data: 0.6042
  0%|          | 0/7 [00:00<?, ?it/s]100%|##########| 7/7 [00:00<00:00, 160.48it/s]
04-11 13:50:17 Val-Acc Target Data: 0.5112
04-11 13:50:17 The best model epoch 11, val-acc 0.5424
04-11 13:50:17 -----Epoch 13/50-----
04-11 13:50:17 current lr: [0.0002]
  0%|          | 0/3 [00:00<?, ?it/s]100%|##########| 3/3 [00:00<00:00, 38.87it/s]
04-11 13:50:17 Train-Loss Source Classifier: 1.1836
04-11 13:50:17 Train-Loss CORAL: 0.3352
04-11 13:50:17 Train-Acc Source Data: 0.6198
  0%|          | 0/7 [00:00<?, ?it/s]100%|##########| 7/7 [00:00<00:00, 151.41it/s]
04-11 13:50:17 Val-Acc Target Data: 0.5022
04-11 13:50:17 The best model epoch 11, val-acc 0.5424
04-11 13:50:17 -----Epoch 14/50-----
04-11 13:50:17 current lr: [0.0002]
  0%|          | 0/3 [00:00<?, ?it/s]100%|##########| 3/3 [00:00<00:00, 41.56it/s]
04-11 13:50:17 Train-Loss Source Classifier: 1.1689
04-11 13:50:17 Train-Loss CORAL: 0.3042
04-11 13:50:17 Train-Acc Source Data: 0.6458
  0%|          | 0/7 [00:00<?, ?it/s]100%|##########| 7/7 [00:00<00:00, 163.04it/s]
04-11 13:50:17 Val-Acc Target Data: 0.4888
04-11 13:50:17 The best model epoch 11, val-acc 0.5424
04-11 13:50:17 -----Epoch 15/50-----
04-11 13:50:17 current lr: [0.0002]
  0%|          | 0/3 [00:00<?, ?it/s]100%|##########| 3/3 [00:00<00:00, 36.35it/s]
04-11 13:50:17 Train-Loss Source Classifier: 1.1499
04-11 13:50:17 Train-Loss CORAL: 0.3060
04-11 13:50:17 Train-Acc Source Data: 0.6927
  0%|          | 0/7 [00:00<?, ?it/s]100%|##########| 7/7 [00:00<00:00, 161.75it/s]
04-11 13:50:17 Val-Acc Target Data: 0.4665
04-11 13:50:17 The best model epoch 11, val-acc 0.5424
04-11 13:50:17 -----Epoch 16/50-----
04-11 13:50:17 current lr: [0.0002]
  0%|          | 0/3 [00:00<?, ?it/s]100%|##########| 3/3 [00:00<00:00, 40.10it/s]
04-11 13:50:17 Train-Loss Source Classifier: 1.1372
04-11 13:50:17 Train-Loss CORAL: 0.3021
04-11 13:50:17 Train-Acc Source Data: 0.6875
  0%|          | 0/7 [00:00<?, ?it/s]100%|##########| 7/7 [00:00<00:00, 161.24it/s]
04-11 13:50:17 Val-Acc Target Data: 0.4710
04-11 13:50:17 The best model epoch 11, val-acc 0.5424
04-11 13:50:17 -----Epoch 17/50-----
04-11 13:50:17 current lr: [0.0002]
  0%|          | 0/3 [00:00<?, ?it/s]100%|##########| 3/3 [00:00<00:00, 38.81it/s]
04-11 13:50:17 Train-Loss Source Classifier: 1.1611
04-11 13:50:17 Train-Loss CORAL: 0.3274
04-11 13:50:17 Train-Acc Source Data: 0.6823
  0%|          | 0/7 [00:00<?, ?it/s]100%|##########| 7/7 [00:00<00:00, 159.09it/s]
04-11 13:50:18 Val-Acc Target Data: 0.4710
04-11 13:50:18 The best model epoch 11, val-acc 0.5424
04-11 13:50:18 -----Epoch 18/50-----
04-11 13:50:18 current lr: [0.0002]
  0%|          | 0/3 [00:00<?, ?it/s]100%|##########| 3/3 [00:00<00:00, 38.09it/s]
04-11 13:50:18 Train-Loss Source Classifier: 1.1402
04-11 13:50:18 Train-Loss CORAL: 0.2849
04-11 13:50:18 Train-Acc Source Data: 0.6771
  0%|          | 0/7 [00:00<?, ?it/s]100%|##########| 7/7 [00:00<00:00, 155.27it/s]
04-11 13:50:18 Val-Acc Target Data: 0.4732
04-11 13:50:18 The best model epoch 11, val-acc 0.5424
04-11 13:50:18 -----Epoch 19/50-----
04-11 13:50:18 current lr: [0.0002]
  0%|          | 0/3 [00:00<?, ?it/s]100%|##########| 3/3 [00:00<00:00, 38.09it/s]
04-11 13:50:18 Train-Loss Source Classifier: 1.1402
04-11 13:50:18 Train-Loss CORAL: 0.2622
04-11 13:50:18 Train-Acc Source Data: 0.6771
  0%|          | 0/7 [00:00<?, ?it/s]100%|##########| 7/7 [00:00<00:00, 161.68it/s]
04-11 13:50:18 Val-Acc Target Data: 0.4732
04-11 13:50:18 The best model epoch 11, val-acc 0.5424
04-11 13:50:18 -----Epoch 20/50-----
04-11 13:50:18 current lr: [0.0002]
  0%|          | 0/3 [00:00<?, ?it/s]100%|##########| 3/3 [00:00<00:00, 40.85it/s]
04-11 13:50:18 Train-Loss Source Classifier: 1.1194
04-11 13:50:18 Train-Loss CORAL: 0.2691
04-11 13:50:18 Train-Acc Source Data: 0.6823
  0%|          | 0/7 [00:00<?, ?it/s]100%|##########| 7/7 [00:00<00:00, 161.88it/s]
04-11 13:50:18 Val-Acc Target Data: 0.4888
04-11 13:50:18 The best model epoch 11, val-acc 0.5424
04-11 13:50:18 -----Epoch 21/50-----
04-11 13:50:18 current lr: [4e-05]
  0%|          | 0/3 [00:00<?, ?it/s]100%|##########| 3/3 [00:00<00:00, 39.10it/s]
04-11 13:50:18 Train-Loss Source Classifier: 1.1259
04-11 13:50:18 Train-Loss CORAL: 0.2337
04-11 13:50:18 Train-Acc Source Data: 0.6927
  0%|          | 0/7 [00:00<?, ?it/s]100%|##########| 7/7 [00:00<00:00, 160.44it/s]
04-11 13:50:18 Val-Acc Target Data: 0.4911
04-11 13:50:18 The best model epoch 11, val-acc 0.5424
04-11 13:50:18 -----Epoch 22/50-----
04-11 13:50:18 current lr: [4e-05]
  0%|          | 0/3 [00:00<?, ?it/s]100%|##########| 3/3 [00:00<00:00, 40.00it/s]
04-11 13:50:18 Train-Loss Source Classifier: 1.1373
04-11 13:50:18 Train-Loss CORAL: 0.2517
04-11 13:50:18 Train-Acc Source Data: 0.6719
  0%|          | 0/7 [00:00<?, ?it/s]100%|##########| 7/7 [00:00<00:00, 162.17it/s]
04-11 13:50:18 Val-Acc Target Data: 0.4866
04-11 13:50:18 The best model epoch 11, val-acc 0.5424
04-11 13:50:18 -----Epoch 23/50-----
04-11 13:50:18 current lr: [4e-05]
  0%|          | 0/3 [00:00<?, ?it/s]100%|##########| 3/3 [00:00<00:00, 38.85it/s]
04-11 13:50:18 Train-Loss Source Classifier: 1.1380
04-11 13:50:18 Train-Loss CORAL: 0.2886
04-11 13:50:18 Train-Acc Source Data: 0.6875
  0%|          | 0/7 [00:00<?, ?it/s]100%|##########| 7/7 [00:00<00:00, 156.87it/s]
04-11 13:50:18 Val-Acc Target Data: 0.4844
04-11 13:50:18 The best model epoch 11, val-acc 0.5424
04-11 13:50:18 -----Epoch 24/50-----
04-11 13:50:18 current lr: [4e-05]
  0%|          | 0/3 [00:00<?, ?it/s]100%|##########| 3/3 [00:00<00:00, 39.31it/s]
04-11 13:50:18 Train-Loss Source Classifier: 1.1124
04-11 13:50:18 Train-Loss CORAL: 0.2258
04-11 13:50:18 Train-Acc Source Data: 0.7135
  0%|          | 0/7 [00:00<?, ?it/s]100%|##########| 7/7 [00:00<00:00, 158.08it/s]
04-11 13:50:18 Val-Acc Target Data: 0.4799
04-11 13:50:18 The best model epoch 11, val-acc 0.5424
04-11 13:50:18 -----Epoch 25/50-----
04-11 13:50:18 current lr: [4e-05]
  0%|          | 0/3 [00:00<?, ?it/s]100%|##########| 3/3 [00:00<00:00, 39.55it/s]
04-11 13:50:19 Train-Loss Source Classifier: 1.1213
04-11 13:50:19 Train-Loss CORAL: 0.2590
04-11 13:50:19 Train-Acc Source Data: 0.6875
  0%|          | 0/7 [00:00<?, ?it/s]100%|##########| 7/7 [00:00<00:00, 155.60it/s]
04-11 13:50:19 Val-Acc Target Data: 0.4799
04-11 13:50:19 The best model epoch 11, val-acc 0.5424
04-11 13:50:19 -----Epoch 26/50-----
04-11 13:50:19 current lr: [4e-05]
  0%|          | 0/3 [00:00<?, ?it/s]100%|##########| 3/3 [00:00<00:00, 40.97it/s]
04-11 13:50:19 Train-Loss Source Classifier: 1.1118
04-11 13:50:19 Train-Loss CORAL: 0.2425
04-11 13:50:19 Train-Acc Source Data: 0.7396
  0%|          | 0/7 [00:00<?, ?it/s]100%|##########| 7/7 [00:00<00:00, 157.96it/s]
04-11 13:50:19 Val-Acc Target Data: 0.4799
04-11 13:50:19 The best model epoch 11, val-acc 0.5424
04-11 13:50:19 -----Epoch 27/50-----
04-11 13:50:19 current lr: [4e-05]
  0%|          | 0/3 [00:00<?, ?it/s]100%|##########| 3/3 [00:00<00:00, 40.10it/s]
04-11 13:50:19 Train-Loss Source Classifier: 1.1092
04-11 13:50:19 Train-Loss CORAL: 0.2532
04-11 13:50:19 Train-Acc Source Data: 0.7344
  0%|          | 0/7 [00:00<?, ?it/s]100%|##########| 7/7 [00:00<00:00, 158.17it/s]
04-11 13:50:19 Val-Acc Target Data: 0.4844
04-11 13:50:19 The best model epoch 11, val-acc 0.5424
04-11 13:50:19 -----Epoch 28/50-----
04-11 13:50:19 current lr: [4e-05]
  0%|          | 0/3 [00:00<?, ?it/s]100%|##########| 3/3 [00:00<00:00, 39.96it/s]
04-11 13:50:19 Train-Loss Source Classifier: 1.1136
04-11 13:50:19 Train-Loss CORAL: 0.2509
04-11 13:50:19 Train-Acc Source Data: 0.7083
  0%|          | 0/7 [00:00<?, ?it/s]100%|##########| 7/7 [00:00<00:00, 158.72it/s]
04-11 13:50:19 Val-Acc Target Data: 0.4844
04-11 13:50:19 The best model epoch 11, val-acc 0.5424
04-11 13:50:19 -----Epoch 29/50-----
04-11 13:50:19 current lr: [4e-05]
  0%|          | 0/3 [00:00<?, ?it/s]100%|##########| 3/3 [00:00<00:00, 41.39it/s]
04-11 13:50:19 Train-Loss Source Classifier: 1.1006
04-11 13:50:19 Train-Loss CORAL: 0.2561
04-11 13:50:19 Train-Acc Source Data: 0.7344
  0%|          | 0/7 [00:00<?, ?it/s]100%|##########| 7/7 [00:00<00:00, 158.62it/s]
04-11 13:50:19 Val-Acc Target Data: 0.4866
04-11 13:50:19 The best model epoch 11, val-acc 0.5424
04-11 13:50:19 -----Epoch 30/50-----
04-11 13:50:19 current lr: [4e-05]
  0%|          | 0/3 [00:00<?, ?it/s]100%|##########| 3/3 [00:00<00:00, 40.00it/s]
04-11 13:50:19 Train-Loss Source Classifier: 1.1207
04-11 13:50:19 Train-Loss CORAL: 0.2323
04-11 13:50:19 Train-Acc Source Data: 0.7031
  0%|          | 0/7 [00:00<?, ?it/s]100%|##########| 7/7 [00:00<00:00, 150.74it/s]
04-11 13:50:19 Val-Acc Target Data: 0.4866
04-11 13:50:19 The best model epoch 11, val-acc 0.5424
04-11 13:50:19 -----Epoch 31/50-----
04-11 13:50:19 current lr: [8.000000000000001e-06]
  0%|          | 0/3 [00:00<?, ?it/s]100%|##########| 3/3 [00:00<00:00, 38.61it/s]
04-11 13:50:19 Train-Loss Source Classifier: 1.1300
04-11 13:50:19 Train-Loss CORAL: 0.2630
04-11 13:50:19 Train-Acc Source Data: 0.6927
  0%|          | 0/7 [00:00<?, ?it/s]100%|##########| 7/7 [00:00<00:00, 161.47it/s]
04-11 13:50:19 Val-Acc Target Data: 0.4866
04-11 13:50:19 The best model epoch 11, val-acc 0.5424
04-11 13:50:19 -----Epoch 32/50-----
04-11 13:50:19 current lr: [8.000000000000001e-06]
  0%|          | 0/3 [00:00<?, ?it/s]100%|##########| 3/3 [00:00<00:00, 38.82it/s]
04-11 13:50:19 Train-Loss Source Classifier: 1.1057
04-11 13:50:19 Train-Loss CORAL: 0.2546
04-11 13:50:19 Train-Acc Source Data: 0.7656
  0%|          | 0/7 [00:00<?, ?it/s]100%|##########| 7/7 [00:00<00:00, 157.24it/s]
04-11 13:50:19 Val-Acc Target Data: 0.4866
04-11 13:50:19 The best model epoch 11, val-acc 0.5424
04-11 13:50:19 -----Epoch 33/50-----
04-11 13:50:19 current lr: [8.000000000000001e-06]
  0%|          | 0/3 [00:00<?, ?it/s]100%|##########| 3/3 [00:00<00:00, 39.19it/s]
04-11 13:50:20 Train-Loss Source Classifier: 1.0933
04-11 13:50:20 Train-Loss CORAL: 0.2252
04-11 13:50:20 Train-Acc Source Data: 0.7708
  0%|          | 0/7 [00:00<?, ?it/s]100%|##########| 7/7 [00:00<00:00, 157.65it/s]
04-11 13:50:20 Val-Acc Target Data: 0.4866
04-11 13:50:20 The best model epoch 11, val-acc 0.5424
04-11 13:50:20 -----Epoch 34/50-----
04-11 13:50:20 current lr: [8.000000000000001e-06]
  0%|          | 0/3 [00:00<?, ?it/s]100%|##########| 3/3 [00:00<00:00, 38.98it/s]
04-11 13:50:20 Train-Loss Source Classifier: 1.0924
04-11 13:50:20 Train-Loss CORAL: 0.2145
04-11 13:50:20 Train-Acc Source Data: 0.7552
  0%|          | 0/7 [00:00<?, ?it/s]100%|##########| 7/7 [00:00<00:00, 147.24it/s]
04-11 13:50:20 Val-Acc Target Data: 0.4888
04-11 13:50:20 The best model epoch 11, val-acc 0.5424
04-11 13:50:20 -----Epoch 35/50-----
04-11 13:50:20 current lr: [8.000000000000001e-06]
  0%|          | 0/3 [00:00<?, ?it/s]100%|##########| 3/3 [00:00<00:00, 39.55it/s]
04-11 13:50:20 Train-Loss Source Classifier: 1.1078
04-11 13:50:20 Train-Loss CORAL: 0.2671
04-11 13:50:20 Train-Acc Source Data: 0.7031
  0%|          | 0/7 [00:00<?, ?it/s]100%|##########| 7/7 [00:00<00:00, 148.87it/s]
04-11 13:50:20 Val-Acc Target Data: 0.4866
04-11 13:50:20 The best model epoch 11, val-acc 0.5424
04-11 13:50:20 -----Epoch 36/50-----
04-11 13:50:20 current lr: [8.000000000000001e-06]
  0%|          | 0/3 [00:00<?, ?it/s]100%|##########| 3/3 [00:00<00:00, 39.38it/s]
04-11 13:50:20 Train-Loss Source Classifier: 1.1157
04-11 13:50:20 Train-Loss CORAL: 0.2674
04-11 13:50:20 Train-Acc Source Data: 0.6823
  0%|          | 0/7 [00:00<?, ?it/s]100%|##########| 7/7 [00:00<00:00, 158.89it/s]
04-11 13:50:20 Val-Acc Target Data: 0.4866
04-11 13:50:20 The best model epoch 11, val-acc 0.5424
04-11 13:50:20 -----Epoch 37/50-----
04-11 13:50:20 current lr: [8.000000000000001e-06]
  0%|          | 0/3 [00:00<?, ?it/s]100%|##########| 3/3 [00:00<00:00, 38.67it/s]
04-11 13:50:20 Train-Loss Source Classifier: 1.1143
04-11 13:50:20 Train-Loss CORAL: 0.2205
04-11 13:50:20 Train-Acc Source Data: 0.7031
  0%|          | 0/7 [00:00<?, ?it/s]100%|##########| 7/7 [00:00<00:00, 158.44it/s]
04-11 13:50:20 Val-Acc Target Data: 0.4888
04-11 13:50:20 The best model epoch 11, val-acc 0.5424
04-11 13:50:20 -----Epoch 38/50-----
04-11 13:50:20 current lr: [8.000000000000001e-06]
  0%|          | 0/3 [00:00<?, ?it/s]100%|##########| 3/3 [00:00<00:00, 38.72it/s]
04-11 13:50:20 Train-Loss Source Classifier: 1.1203
04-11 13:50:20 Train-Loss CORAL: 0.2281
04-11 13:50:20 Train-Acc Source Data: 0.7031
  0%|          | 0/7 [00:00<?, ?it/s]100%|##########| 7/7 [00:00<00:00, 160.47it/s]
04-11 13:50:20 Val-Acc Target Data: 0.4888
04-11 13:50:20 The best model epoch 11, val-acc 0.5424
04-11 13:50:20 -----Epoch 39/50-----
04-11 13:50:20 current lr: [8.000000000000001e-06]
  0%|          | 0/3 [00:00<?, ?it/s]100%|##########| 3/3 [00:00<00:00, 40.76it/s]
04-11 13:50:20 Train-Loss Source Classifier: 1.0973
04-11 13:50:20 Train-Loss CORAL: 0.2235
04-11 13:50:20 Train-Acc Source Data: 0.7240
  0%|          | 0/7 [00:00<?, ?it/s]100%|##########| 7/7 [00:00<00:00, 158.12it/s]
04-11 13:50:20 Val-Acc Target Data: 0.4888
04-11 13:50:20 The best model epoch 11, val-acc 0.5424
04-11 13:50:20 -----Epoch 40/50-----
04-11 13:50:20 current lr: [8.000000000000001e-06]
  0%|          | 0/3 [00:00<?, ?it/s]100%|##########| 3/3 [00:00<00:00, 38.76it/s]
04-11 13:50:20 Train-Loss Source Classifier: 1.1421
04-11 13:50:20 Train-Loss CORAL: 0.2651
04-11 13:50:20 Train-Acc Source Data: 0.6979
  0%|          | 0/7 [00:00<?, ?it/s]100%|##########| 7/7 [00:00<00:00, 160.70it/s]
04-11 13:50:21 Val-Acc Target Data: 0.4911
04-11 13:50:21 The best model epoch 11, val-acc 0.5424
04-11 13:50:21 -----Epoch 41/50-----
04-11 13:50:21 current lr: [1.6000000000000004e-06]
  0%|          | 0/3 [00:00<?, ?it/s]100%|##########| 3/3 [00:00<00:00, 40.01it/s]
04-11 13:50:21 Train-Loss Source Classifier: 1.0903
04-11 13:50:21 Train-Loss CORAL: 0.2201
04-11 13:50:21 Train-Acc Source Data: 0.7760
  0%|          | 0/7 [00:00<?, ?it/s]100%|##########| 7/7 [00:00<00:00, 156.41it/s]
04-11 13:50:21 Val-Acc Target Data: 0.4888
04-11 13:50:21 The best model epoch 11, val-acc 0.5424
04-11 13:50:21 -----Epoch 42/50-----
04-11 13:50:21 current lr: [1.6000000000000004e-06]
  0%|          | 0/3 [00:00<?, ?it/s]100%|##########| 3/3 [00:00<00:00, 38.25it/s]
04-11 13:50:21 Train-Loss Source Classifier: 1.1147
04-11 13:50:21 Train-Loss CORAL: 0.2509
04-11 13:50:21 Train-Acc Source Data: 0.7135
  0%|          | 0/7 [00:00<?, ?it/s]100%|##########| 7/7 [00:00<00:00, 159.97it/s]
04-11 13:50:21 Val-Acc Target Data: 0.4888
04-11 13:50:21 The best model epoch 11, val-acc 0.5424
04-11 13:50:21 -----Epoch 43/50-----
04-11 13:50:21 current lr: [1.6000000000000004e-06]
  0%|          | 0/3 [00:00<?, ?it/s]100%|##########| 3/3 [00:00<00:00, 40.01it/s]
04-11 13:50:21 Train-Loss Source Classifier: 1.0816
04-11 13:50:21 Train-Loss CORAL: 0.2486
04-11 13:50:21 Train-Acc Source Data: 0.7344
  0%|          | 0/7 [00:00<?, ?it/s]100%|##########| 7/7 [00:00<00:00, 160.12it/s]
04-11 13:50:21 Val-Acc Target Data: 0.4888
04-11 13:50:21 The best model epoch 11, val-acc 0.5424
04-11 13:50:21 -----Epoch 44/50-----
04-11 13:50:21 current lr: [1.6000000000000004e-06]
  0%|          | 0/3 [00:00<?, ?it/s]100%|##########| 3/3 [00:00<00:00, 40.42it/s]
04-11 13:50:21 Train-Loss Source Classifier: 1.1071
04-11 13:50:21 Train-Loss CORAL: 0.2478
04-11 13:50:21 Train-Acc Source Data: 0.7135
  0%|          | 0/7 [00:00<?, ?it/s]100%|##########| 7/7 [00:00<00:00, 159.45it/s]
04-11 13:50:21 Val-Acc Target Data: 0.4888
04-11 13:50:21 The best model epoch 11, val-acc 0.5424
04-11 13:50:21 -----Epoch 45/50-----
04-11 13:50:21 current lr: [1.6000000000000004e-06]
  0%|          | 0/3 [00:00<?, ?it/s]100%|##########| 3/3 [00:00<00:00, 40.41it/s]
04-11 13:50:21 Train-Loss Source Classifier: 1.1290
04-11 13:50:21 Train-Loss CORAL: 0.2637
04-11 13:50:21 Train-Acc Source Data: 0.6771
  0%|          | 0/7 [00:00<?, ?it/s]100%|##########| 7/7 [00:00<00:00, 162.15it/s]
04-11 13:50:21 Val-Acc Target Data: 0.4888
04-11 13:50:21 The best model epoch 11, val-acc 0.5424
04-11 13:50:21 -----Epoch 46/50-----
04-11 13:50:21 current lr: [1.6000000000000004e-06]
  0%|          | 0/3 [00:00<?, ?it/s]100%|##########| 3/3 [00:00<00:00, 38.63it/s]
04-11 13:50:21 Train-Loss Source Classifier: 1.1065
04-11 13:50:21 Train-Loss CORAL: 0.2641
04-11 13:50:21 Train-Acc Source Data: 0.7031
  0%|          | 0/7 [00:00<?, ?it/s]100%|##########| 7/7 [00:00<00:00, 153.56it/s]
04-11 13:50:21 Val-Acc Target Data: 0.4888
04-11 13:50:21 The best model epoch 11, val-acc 0.5424
04-11 13:50:21 -----Epoch 47/50-----
04-11 13:50:21 current lr: [1.6000000000000004e-06]
  0%|          | 0/3 [00:00<?, ?it/s]100%|##########| 3/3 [00:00<00:00, 39.16it/s]
04-11 13:50:21 Train-Loss Source Classifier: 1.1021
04-11 13:50:21 Train-Loss CORAL: 0.2076
04-11 13:50:21 Train-Acc Source Data: 0.7604
  0%|          | 0/7 [00:00<?, ?it/s]100%|##########| 7/7 [00:00<00:00, 161.36it/s]
04-11 13:50:21 Val-Acc Target Data: 0.4911
04-11 13:50:21 The best model epoch 11, val-acc 0.5424
04-11 13:50:21 -----Epoch 48/50-----
04-11 13:50:21 current lr: [1.6000000000000004e-06]
  0%|          | 0/3 [00:00<?, ?it/s]100%|##########| 3/3 [00:00<00:00, 39.50it/s]
04-11 13:50:22 Train-Loss Source Classifier: 1.1001
04-11 13:50:22 Train-Loss CORAL: 0.2559
04-11 13:50:22 Train-Acc Source Data: 0.7448
  0%|          | 0/7 [00:00<?, ?it/s]100%|##########| 7/7 [00:00<00:00, 161.83it/s]
04-11 13:50:22 Val-Acc Target Data: 0.4911
04-11 13:50:22 The best model epoch 11, val-acc 0.5424
04-11 13:50:22 -----Epoch 49/50-----
04-11 13:50:22 current lr: [1.6000000000000004e-06]
  0%|          | 0/3 [00:00<?, ?it/s]100%|##########| 3/3 [00:00<00:00, 38.12it/s]
04-11 13:50:22 Train-Loss Source Classifier: 1.0902
04-11 13:50:22 Train-Loss CORAL: 0.2409
04-11 13:50:22 Train-Acc Source Data: 0.7760
  0%|          | 0/7 [00:00<?, ?it/s]100%|##########| 7/7 [00:00<00:00, 161.18it/s]
04-11 13:50:22 Val-Acc Target Data: 0.4888
04-11 13:50:22 The best model epoch 11, val-acc 0.5424
04-11 13:50:22 -----Epoch 50/50-----
04-11 13:50:22 current lr: [1.6000000000000004e-06]
  0%|          | 0/3 [00:00<?, ?it/s]100%|##########| 3/3 [00:00<00:00, 39.87it/s]
04-11 13:50:22 Train-Loss Source Classifier: 1.1112
04-11 13:50:22 Train-Loss CORAL: 0.2484
04-11 13:50:22 Train-Acc Source Data: 0.7188
  0%|          | 0/7 [00:00<?, ?it/s]100%|##########| 7/7 [00:00<00:00, 161.93it/s]
04-11 13:50:22 Val-Acc Target Data: 0.4911
04-11 13:50:22 The best model epoch 11, val-acc 0.5424
