04-14 10:16:49 imba: True
04-14 10:16:49 model_name: CORAL
04-14 10:16:49 Domain: CWRU_imba
04-14 10:16:49 source: CWRU_1
04-14 10:16:49 target: CWRU_0
04-14 10:16:49 data_dir: ./datasets
04-14 10:16:49 train_mode: single_source
04-14 10:16:49 cuda_device: 0
04-14 10:16:49 save_dir: ./ckpt/CORAL/single_source
04-14 10:16:49 max_epoch: 100
04-14 10:16:49 batch_size: 64
04-14 10:16:49 num_workers: 0
04-14 10:16:49 signal_size: 2048
04-14 10:16:49 random_state: 75
04-14 10:16:49 normlizetype: mean-std
04-14 10:16:49 opt: sgd
04-14 10:16:49 lr: 0.001
04-14 10:16:49 momentum: 0.9
04-14 10:16:49 betas: (0.9, 0.999)
04-14 10:16:49 weight_decay: 0.0005
04-14 10:16:49 lr_scheduler: stepLR
04-14 10:16:49 gamma: 0.2
04-14 10:16:49 steps: 10
04-14 10:16:49 tradeoff: ['exp', 'exp', 'exp']
04-14 10:16:49 dropout: 0.0
04-14 10:16:49 save: False
04-14 10:16:49 load_path: 
04-14 10:16:49 tsne: False
04-14 10:16:49 save_path: ./ckpt/CORAL/single_source/[CWRU_1]To[CWRU_0]_0414-101649
04-14 10:16:49 Detect 4 classes: ['1normal', 'ball', 'inner', 'outer']
04-14 10:16:50 using 1 / 1 gpus
Loading source: CWRU, Condition: 1
04-14 10:16:53 Source set CWRU_1 number of samples 708.
Source Data Distribution:
+--------------+---------+
| Label        |   Count |
|--------------+---------|
| 0            |     177 |
| 1            |     177 |
| 2            |     177 |
| 3            |     177 |
| Dataset Size |     708 |
+--------------+---------+
Setting up target: CWRU, Condition: 0
Target Data Distribution:
04-14 10:16:53 target training set number of samples 87.+--------------+---------+-------+
|              |   train |   val |
|--------------+---------+-------|
| 0            |      87 |    87 |
| 1            |     nan |    87 |
| 2            |     nan |    87 |
| 3            |     nan |    87 |
| Dataset Size |      87 |   348 |
+--------------+---------+-------+

04-14 10:16:53 target validation set number of samples 348.
04-14 10:16:53 -----Epoch 1/100-----
04-14 10:16:53 current lr: [0.001]
  0%|          | 0/1 [00:00<?, ?it/s]100%|##########| 1/1 [00:00<00:00, 15.52it/s]
04-14 10:16:53 Train-Loss Source Classifier: 1.4209
04-14 10:16:53 Train-Loss CORAL: 0.3123
04-14 10:16:53 Train-Acc Source Data: 0.2344
  0%|          | 0/6 [00:00<?, ?it/s]100%|##########| 6/6 [00:00<00:00, 147.26it/s]
04-14 10:16:53 Val-Acc Target Data: 0.2266
04-14 10:16:53 The best model epoch 1, val-acc 0.2266
04-14 10:16:53 -----Epoch 2/100-----
04-14 10:16:53 current lr: [0.001]
  0%|          | 0/1 [00:00<?, ?it/s]100%|##########| 1/1 [00:00<00:00, 35.72it/s]
04-14 10:16:53 Train-Loss Source Classifier: 1.3773
04-14 10:16:53 Train-Loss CORAL: 0.3723
04-14 10:16:53 Train-Acc Source Data: 0.3125
  0%|          | 0/6 [00:00<?, ?it/s]100%|##########| 6/6 [00:00<00:00, 166.05it/s]
04-14 10:16:53 Val-Acc Target Data: 0.2266
04-14 10:16:53 The best model epoch 2, val-acc 0.2266
04-14 10:16:53 -----Epoch 3/100-----
04-14 10:16:53 current lr: [0.001]
  0%|          | 0/1 [00:00<?, ?it/s]100%|##########| 1/1 [00:00<00:00, 37.58it/s]
04-14 10:16:53 Train-Loss Source Classifier: 1.3976
04-14 10:16:53 Train-Loss CORAL: 0.3188
04-14 10:16:53 Train-Acc Source Data: 0.2031
  0%|          | 0/6 [00:00<?, ?it/s]100%|##########| 6/6 [00:00<00:00, 165.45it/s]
04-14 10:16:53 Val-Acc Target Data: 0.2266
04-14 10:16:53 The best model epoch 3, val-acc 0.2266
04-14 10:16:53 -----Epoch 4/100-----
04-14 10:16:53 current lr: [0.001]
  0%|          | 0/1 [00:00<?, ?it/s]100%|##########| 1/1 [00:00<00:00, 40.06it/s]
04-14 10:16:53 Train-Loss Source Classifier: 1.3951
04-14 10:16:53 Train-Loss CORAL: 0.3758
04-14 10:16:53 Train-Acc Source Data: 0.2344
  0%|          | 0/6 [00:00<?, ?it/s]100%|##########| 6/6 [00:00<00:00, 152.53it/s]
04-14 10:16:53 Val-Acc Target Data: 0.2266
04-14 10:16:53 The best model epoch 4, val-acc 0.2266
04-14 10:16:53 -----Epoch 5/100-----
04-14 10:16:53 current lr: [0.001]
  0%|          | 0/1 [00:00<?, ?it/s]100%|##########| 1/1 [00:00<00:00, 37.49it/s]
04-14 10:16:53 Train-Loss Source Classifier: 1.3848
04-14 10:16:53 Train-Loss CORAL: 0.3160
04-14 10:16:53 Train-Acc Source Data: 0.1719
  0%|          | 0/6 [00:00<?, ?it/s]100%|##########| 6/6 [00:00<00:00, 162.04it/s]
04-14 10:16:53 Val-Acc Target Data: 0.2266
04-14 10:16:53 The best model epoch 5, val-acc 0.2266
04-14 10:16:53 -----Epoch 6/100-----
04-14 10:16:53 current lr: [0.001]
  0%|          | 0/1 [00:00<?, ?it/s]100%|##########| 1/1 [00:00<00:00, 38.14it/s]
04-14 10:16:53 Train-Loss Source Classifier: 1.3387
04-14 10:16:53 Train-Loss CORAL: 0.4730
04-14 10:16:53 Train-Acc Source Data: 0.3281
  0%|          | 0/6 [00:00<?, ?it/s]100%|##########| 6/6 [00:00<00:00, 163.27it/s]
04-14 10:16:53 Val-Acc Target Data: 0.2266
04-14 10:16:53 The best model epoch 6, val-acc 0.2266
04-14 10:16:53 -----Epoch 7/100-----
04-14 10:16:53 current lr: [0.001]
  0%|          | 0/1 [00:00<?, ?it/s]100%|##########| 1/1 [00:00<00:00, 38.42it/s]
04-14 10:16:53 Train-Loss Source Classifier: 1.3235
04-14 10:16:53 Train-Loss CORAL: 0.3686
04-14 10:16:53 Train-Acc Source Data: 0.3594
  0%|          | 0/6 [00:00<?, ?it/s]100%|##########| 6/6 [00:00<00:00, 162.41it/s]
04-14 10:16:53 Val-Acc Target Data: 0.2266
04-14 10:16:53 The best model epoch 7, val-acc 0.2266
04-14 10:16:53 -----Epoch 8/100-----
04-14 10:16:53 current lr: [0.001]
  0%|          | 0/1 [00:00<?, ?it/s]100%|##########| 1/1 [00:00<00:00, 39.04it/s]
04-14 10:16:53 Train-Loss Source Classifier: 1.2969
04-14 10:16:53 Train-Loss CORAL: 0.3578
04-14 10:16:53 Train-Acc Source Data: 0.5469
  0%|          | 0/6 [00:00<?, ?it/s]100%|##########| 6/6 [00:00<00:00, 160.81it/s]
04-14 10:16:53 Val-Acc Target Data: 0.2266
04-14 10:16:53 The best model epoch 8, val-acc 0.2266
04-14 10:16:53 -----Epoch 9/100-----
04-14 10:16:53 current lr: [0.001]
  0%|          | 0/1 [00:00<?, ?it/s]100%|##########| 1/1 [00:00<00:00, 35.95it/s]
04-14 10:16:54 Train-Loss Source Classifier: 1.2849
04-14 10:16:54 Train-Loss CORAL: 0.3548
04-14 10:16:54 Train-Acc Source Data: 0.5781
  0%|          | 0/6 [00:00<?, ?it/s]100%|##########| 6/6 [00:00<00:00, 148.11it/s]
04-14 10:16:54 Val-Acc Target Data: 0.2266
04-14 10:16:54 The best model epoch 9, val-acc 0.2266
04-14 10:16:54 -----Epoch 10/100-----
04-14 10:16:54 current lr: [0.001]
  0%|          | 0/1 [00:00<?, ?it/s]100%|##########| 1/1 [00:00<00:00, 38.15it/s]
04-14 10:16:54 Train-Loss Source Classifier: 1.2359
04-14 10:16:54 Train-Loss CORAL: 0.4253
04-14 10:16:54 Train-Acc Source Data: 0.6406
  0%|          | 0/6 [00:00<?, ?it/s]100%|##########| 6/6 [00:00<00:00, 155.68it/s]
04-14 10:16:54 Val-Acc Target Data: 0.2266
04-14 10:16:54 The best model epoch 10, val-acc 0.2266
04-14 10:16:54 -----Epoch 11/100-----
04-14 10:16:54 current lr: [0.0002]
  0%|          | 0/1 [00:00<?, ?it/s]100%|##########| 1/1 [00:00<00:00, 38.84it/s]
04-14 10:16:54 Train-Loss Source Classifier: 1.2497
04-14 10:16:54 Train-Loss CORAL: 0.3077
04-14 10:16:54 Train-Acc Source Data: 0.5156
  0%|          | 0/6 [00:00<?, ?it/s]100%|##########| 6/6 [00:00<00:00, 163.32it/s]
04-14 10:16:54 Val-Acc Target Data: 0.2292
04-14 10:16:54 The best model epoch 11, val-acc 0.2292
04-14 10:16:54 -----Epoch 12/100-----
04-14 10:16:54 current lr: [0.0002]
  0%|          | 0/1 [00:00<?, ?it/s]100%|##########| 1/1 [00:00<00:00, 38.74it/s]
04-14 10:16:54 Train-Loss Source Classifier: 1.2641
04-14 10:16:54 Train-Loss CORAL: 0.3755
04-14 10:16:54 Train-Acc Source Data: 0.4688
  0%|          | 0/6 [00:00<?, ?it/s]100%|##########| 6/6 [00:00<00:00, 154.61it/s]
04-14 10:16:54 Val-Acc Target Data: 0.2370
04-14 10:16:54 The best model epoch 12, val-acc 0.2370
04-14 10:16:54 -----Epoch 13/100-----
04-14 10:16:54 current lr: [0.0002]
  0%|          | 0/1 [00:00<?, ?it/s]100%|##########| 1/1 [00:00<00:00, 38.21it/s]
04-14 10:16:54 Train-Loss Source Classifier: 1.2119
04-14 10:16:54 Train-Loss CORAL: 0.3241
04-14 10:16:54 Train-Acc Source Data: 0.5312
  0%|          | 0/6 [00:00<?, ?it/s]100%|##########| 6/6 [00:00<00:00, 162.77it/s]
04-14 10:16:54 Val-Acc Target Data: 0.2474
04-14 10:16:54 The best model epoch 13, val-acc 0.2474
04-14 10:16:54 -----Epoch 14/100-----
04-14 10:16:54 current lr: [0.0002]
  0%|          | 0/1 [00:00<?, ?it/s]100%|##########| 1/1 [00:00<00:00, 38.38it/s]
04-14 10:16:54 Train-Loss Source Classifier: 1.2277
04-14 10:16:54 Train-Loss CORAL: 0.3051
04-14 10:16:54 Train-Acc Source Data: 0.5938
  0%|          | 0/6 [00:00<?, ?it/s]100%|##########| 6/6 [00:00<00:00, 162.47it/s]
04-14 10:16:54 Val-Acc Target Data: 0.2604
04-14 10:16:54 The best model epoch 14, val-acc 0.2604
04-14 10:16:54 -----Epoch 15/100-----
04-14 10:16:54 current lr: [0.0002]
  0%|          | 0/1 [00:00<?, ?it/s]100%|##########| 1/1 [00:00<00:00, 38.29it/s]
04-14 10:16:54 Train-Loss Source Classifier: 1.2333
04-14 10:16:54 Train-Loss CORAL: 0.2909
04-14 10:16:54 Train-Acc Source Data: 0.5781
  0%|          | 0/6 [00:00<?, ?it/s]100%|##########| 6/6 [00:00<00:00, 162.89it/s]
04-14 10:16:54 Val-Acc Target Data: 0.2734
04-14 10:16:54 The best model epoch 15, val-acc 0.2734
04-14 10:16:54 -----Epoch 16/100-----
04-14 10:16:54 current lr: [0.0002]
  0%|          | 0/1 [00:00<?, ?it/s]100%|##########| 1/1 [00:00<00:00, 38.68it/s]
04-14 10:16:54 Train-Loss Source Classifier: 1.2255
04-14 10:16:54 Train-Loss CORAL: 0.3115
04-14 10:16:54 Train-Acc Source Data: 0.6094
  0%|          | 0/6 [00:00<?, ?it/s]100%|##########| 6/6 [00:00<00:00, 163.43it/s]
04-14 10:16:54 Val-Acc Target Data: 0.2786
04-14 10:16:54 The best model epoch 16, val-acc 0.2786
04-14 10:16:54 -----Epoch 17/100-----
04-14 10:16:54 current lr: [0.0002]
  0%|          | 0/1 [00:00<?, ?it/s]100%|##########| 1/1 [00:00<00:00, 37.81it/s]
04-14 10:16:54 Train-Loss Source Classifier: 1.1974
04-14 10:16:54 Train-Loss CORAL: 0.3466
04-14 10:16:54 Train-Acc Source Data: 0.6406
  0%|          | 0/6 [00:00<?, ?it/s]100%|##########| 6/6 [00:00<00:00, 149.28it/s]
04-14 10:16:54 Val-Acc Target Data: 0.2786
04-14 10:16:54 The best model epoch 17, val-acc 0.2786
04-14 10:16:54 -----Epoch 18/100-----
04-14 10:16:54 current lr: [0.0002]
  0%|          | 0/1 [00:00<?, ?it/s]100%|##########| 1/1 [00:00<00:00, 36.86it/s]
04-14 10:16:54 Train-Loss Source Classifier: 1.2531
04-14 10:16:54 Train-Loss CORAL: 0.3745
04-14 10:16:54 Train-Acc Source Data: 0.4688
  0%|          | 0/6 [00:00<?, ?it/s]100%|##########| 6/6 [00:00<00:00, 148.89it/s]
04-14 10:16:54 Val-Acc Target Data: 0.2839
04-14 10:16:54 The best model epoch 18, val-acc 0.2839
04-14 10:16:54 -----Epoch 19/100-----
04-14 10:16:54 current lr: [0.0002]
  0%|          | 0/1 [00:00<?, ?it/s]100%|##########| 1/1 [00:00<00:00, 41.60it/s]
04-14 10:16:54 Train-Loss Source Classifier: 1.2016
04-14 10:16:54 Train-Loss CORAL: 0.2781
04-14 10:16:54 Train-Acc Source Data: 0.6875
  0%|          | 0/6 [00:00<?, ?it/s]100%|##########| 6/6 [00:00<00:00, 160.99it/s]
04-14 10:16:54 Val-Acc Target Data: 0.3047
04-14 10:16:54 The best model epoch 19, val-acc 0.3047
04-14 10:16:54 -----Epoch 20/100-----
04-14 10:16:54 current lr: [0.0002]
  0%|          | 0/1 [00:00<?, ?it/s]100%|##########| 1/1 [00:00<00:00, 34.22it/s]
04-14 10:16:54 Train-Loss Source Classifier: 1.2122
04-14 10:16:54 Train-Loss CORAL: 0.2829
04-14 10:16:54 Train-Acc Source Data: 0.5938
  0%|          | 0/6 [00:00<?, ?it/s]100%|##########| 6/6 [00:00<00:00, 158.93it/s]
04-14 10:16:54 Val-Acc Target Data: 0.3151
04-14 10:16:54 The best model epoch 20, val-acc 0.3151
04-14 10:16:54 -----Epoch 21/100-----
04-14 10:16:54 current lr: [4e-05]
  0%|          | 0/1 [00:00<?, ?it/s]100%|##########| 1/1 [00:00<00:00, 39.30it/s]
04-14 10:16:54 Train-Loss Source Classifier: 1.1961
04-14 10:16:54 Train-Loss CORAL: 0.2738
04-14 10:16:54 Train-Acc Source Data: 0.7500
  0%|          | 0/6 [00:00<?, ?it/s]100%|##########| 6/6 [00:00<00:00, 166.25it/s]
04-14 10:16:54 Val-Acc Target Data: 0.3307
04-14 10:16:54 The best model epoch 21, val-acc 0.3307
04-14 10:16:54 -----Epoch 22/100-----
04-14 10:16:54 current lr: [4e-05]
  0%|          | 0/1 [00:00<?, ?it/s]100%|##########| 1/1 [00:00<00:00, 37.92it/s]
04-14 10:16:54 Train-Loss Source Classifier: 1.2095
04-14 10:16:54 Train-Loss CORAL: 0.2952
04-14 10:16:54 Train-Acc Source Data: 0.6250
  0%|          | 0/6 [00:00<?, ?it/s]100%|##########| 6/6 [00:00<00:00, 166.04it/s]
04-14 10:16:54 Val-Acc Target Data: 0.3750
04-14 10:16:54 The best model epoch 22, val-acc 0.3750
04-14 10:16:54 -----Epoch 23/100-----
04-14 10:16:54 current lr: [4e-05]
  0%|          | 0/1 [00:00<?, ?it/s]100%|##########| 1/1 [00:00<00:00, 37.30it/s]
04-14 10:16:55 Train-Loss Source Classifier: 1.2009
04-14 10:16:55 Train-Loss CORAL: 0.3138
04-14 10:16:55 Train-Acc Source Data: 0.6562
  0%|          | 0/6 [00:00<?, ?it/s]100%|##########| 6/6 [00:00<00:00, 166.46it/s]
04-14 10:16:55 Val-Acc Target Data: 0.4271
04-14 10:16:55 The best model epoch 23, val-acc 0.4271
04-14 10:16:55 -----Epoch 24/100-----
04-14 10:16:55 current lr: [4e-05]
  0%|          | 0/1 [00:00<?, ?it/s]100%|##########| 1/1 [00:00<00:00, 37.59it/s]
04-14 10:16:55 Train-Loss Source Classifier: 1.1703
04-14 10:16:55 Train-Loss CORAL: 0.3433
04-14 10:16:55 Train-Acc Source Data: 0.6875
  0%|          | 0/6 [00:00<?, ?it/s]100%|##########| 6/6 [00:00<00:00, 157.31it/s]
04-14 10:16:55 Val-Acc Target Data: 0.4766
04-14 10:16:55 The best model epoch 24, val-acc 0.4766
04-14 10:16:55 -----Epoch 25/100-----
04-14 10:16:55 current lr: [4e-05]
  0%|          | 0/1 [00:00<?, ?it/s]100%|##########| 1/1 [00:00<00:00, 39.52it/s]
04-14 10:16:55 Train-Loss Source Classifier: 1.2020
04-14 10:16:55 Train-Loss CORAL: 0.2698
04-14 10:16:55 Train-Acc Source Data: 0.6250
  0%|          | 0/6 [00:00<?, ?it/s]100%|##########| 6/6 [00:00<00:00, 162.61it/s]
04-14 10:16:55 Val-Acc Target Data: 0.5260
04-14 10:16:55 The best model epoch 25, val-acc 0.5260
04-14 10:16:55 -----Epoch 26/100-----
04-14 10:16:55 current lr: [4e-05]
  0%|          | 0/1 [00:00<?, ?it/s]100%|##########| 1/1 [00:00<00:00, 38.90it/s]
04-14 10:16:55 Train-Loss Source Classifier: 1.1780
04-14 10:16:55 Train-Loss CORAL: 0.3255
04-14 10:16:55 Train-Acc Source Data: 0.6719
  0%|          | 0/6 [00:00<?, ?it/s]100%|##########| 6/6 [00:00<00:00, 159.46it/s]
04-14 10:16:55 Val-Acc Target Data: 0.5651
04-14 10:16:55 The best model epoch 26, val-acc 0.5651
04-14 10:16:55 -----Epoch 27/100-----
04-14 10:16:55 current lr: [4e-05]
  0%|          | 0/1 [00:00<?, ?it/s]100%|##########| 1/1 [00:00<00:00, 38.16it/s]
04-14 10:16:55 Train-Loss Source Classifier: 1.2165
04-14 10:16:55 Train-Loss CORAL: 0.2824
04-14 10:16:55 Train-Acc Source Data: 0.6250
  0%|          | 0/6 [00:00<?, ?it/s]100%|##########| 6/6 [00:00<00:00, 157.18it/s]
04-14 10:16:55 Val-Acc Target Data: 0.5859
04-14 10:16:55 The best model epoch 27, val-acc 0.5859
04-14 10:16:55 -----Epoch 28/100-----
04-14 10:16:55 current lr: [4e-05]
  0%|          | 0/1 [00:00<?, ?it/s]100%|##########| 1/1 [00:00<00:00, 39.04it/s]
04-14 10:16:55 Train-Loss Source Classifier: 1.1979
04-14 10:16:55 Train-Loss CORAL: 0.2708
04-14 10:16:55 Train-Acc Source Data: 0.6094
  0%|          | 0/6 [00:00<?, ?it/s]100%|##########| 6/6 [00:00<00:00, 159.22it/s]
04-14 10:16:55 Val-Acc Target Data: 0.5938
04-14 10:16:55 The best model epoch 28, val-acc 0.5938
04-14 10:16:55 -----Epoch 29/100-----
04-14 10:16:55 current lr: [4e-05]
  0%|          | 0/1 [00:00<?, ?it/s]100%|##########| 1/1 [00:00<00:00, 39.41it/s]
04-14 10:16:55 Train-Loss Source Classifier: 1.1865
04-14 10:16:55 Train-Loss CORAL: 0.3336
04-14 10:16:55 Train-Acc Source Data: 0.7500
  0%|          | 0/6 [00:00<?, ?it/s]100%|##########| 6/6 [00:00<00:00, 161.59it/s]
04-14 10:16:55 Val-Acc Target Data: 0.6016
04-14 10:16:55 The best model epoch 29, val-acc 0.6016
04-14 10:16:55 -----Epoch 30/100-----
04-14 10:16:55 current lr: [4e-05]
  0%|          | 0/1 [00:00<?, ?it/s]100%|##########| 1/1 [00:00<00:00, 51.57it/s]
04-14 10:16:55 Train-Loss Source Classifier: 1.1790
04-14 10:16:55 Train-Loss CORAL: 0.2920
04-14 10:16:55 Train-Acc Source Data: 0.7031
  0%|          | 0/6 [00:00<?, ?it/s]100%|##########| 6/6 [00:00<00:00, 166.09it/s]
04-14 10:16:55 Val-Acc Target Data: 0.6042
04-14 10:16:55 The best model epoch 30, val-acc 0.6042
04-14 10:16:55 -----Epoch 31/100-----
04-14 10:16:55 current lr: [8.000000000000001e-06]
  0%|          | 0/1 [00:00<?, ?it/s]100%|##########| 1/1 [00:00<00:00, 39.17it/s]
04-14 10:16:55 Train-Loss Source Classifier: 1.1922
04-14 10:16:55 Train-Loss CORAL: 0.2168
04-14 10:16:55 Train-Acc Source Data: 0.7500
  0%|          | 0/6 [00:00<?, ?it/s]100%|##########| 6/6 [00:00<00:00, 159.72it/s]
04-14 10:16:55 Val-Acc Target Data: 0.6042
04-14 10:16:55 The best model epoch 31, val-acc 0.6042
04-14 10:16:55 -----Epoch 32/100-----
04-14 10:16:55 current lr: [8.000000000000001e-06]
  0%|          | 0/1 [00:00<?, ?it/s]100%|##########| 1/1 [00:00<00:00, 39.85it/s]
04-14 10:16:55 Train-Loss Source Classifier: 1.1770
04-14 10:16:55 Train-Loss CORAL: 0.2538
04-14 10:16:55 Train-Acc Source Data: 0.7344
  0%|          | 0/6 [00:00<?, ?it/s]100%|##########| 6/6 [00:00<00:00, 155.49it/s]
04-14 10:16:55 Val-Acc Target Data: 0.6068
04-14 10:16:55 The best model epoch 32, val-acc 0.6068
04-14 10:16:55 -----Epoch 33/100-----
04-14 10:16:55 current lr: [8.000000000000001e-06]
  0%|          | 0/1 [00:00<?, ?it/s]100%|##########| 1/1 [00:00<00:00, 48.12it/s]
04-14 10:16:55 Train-Loss Source Classifier: 1.1783
04-14 10:16:55 Train-Loss CORAL: 0.2891
04-14 10:16:55 Train-Acc Source Data: 0.6875
  0%|          | 0/6 [00:00<?, ?it/s]100%|##########| 6/6 [00:00<00:00, 164.63it/s]
04-14 10:16:55 Val-Acc Target Data: 0.6068
04-14 10:16:55 The best model epoch 33, val-acc 0.6068
04-14 10:16:55 -----Epoch 34/100-----
04-14 10:16:55 current lr: [8.000000000000001e-06]
  0%|          | 0/1 [00:00<?, ?it/s]100%|##########| 1/1 [00:00<00:00, 41.28it/s]
04-14 10:16:55 Train-Loss Source Classifier: 1.1849
04-14 10:16:55 Train-Loss CORAL: 0.2624
04-14 10:16:55 Train-Acc Source Data: 0.7188
  0%|          | 0/6 [00:00<?, ?it/s]100%|##########| 6/6 [00:00<00:00, 162.01it/s]
04-14 10:16:55 Val-Acc Target Data: 0.6068
04-14 10:16:55 The best model epoch 34, val-acc 0.6068
04-14 10:16:55 -----Epoch 35/100-----
04-14 10:16:55 current lr: [8.000000000000001e-06]
  0%|          | 0/1 [00:00<?, ?it/s]100%|##########| 1/1 [00:00<00:00, 38.81it/s]
04-14 10:16:55 Train-Loss Source Classifier: 1.1787
04-14 10:16:55 Train-Loss CORAL: 0.3387
04-14 10:16:55 Train-Acc Source Data: 0.7031
  0%|          | 0/6 [00:00<?, ?it/s]100%|##########| 6/6 [00:00<00:00, 162.32it/s]
04-14 10:16:55 Val-Acc Target Data: 0.6094
04-14 10:16:55 The best model epoch 35, val-acc 0.6094
04-14 10:16:55 -----Epoch 36/100-----
04-14 10:16:55 current lr: [8.000000000000001e-06]
  0%|          | 0/1 [00:00<?, ?it/s]100%|##########| 1/1 [00:00<00:00, 41.88it/s]
04-14 10:16:55 Train-Loss Source Classifier: 1.2105
04-14 10:16:55 Train-Loss CORAL: 0.2283
04-14 10:16:55 Train-Acc Source Data: 0.6562
  0%|          | 0/6 [00:00<?, ?it/s]100%|##########| 6/6 [00:00<00:00, 156.91it/s]
04-14 10:16:55 Val-Acc Target Data: 0.6120
04-14 10:16:55 The best model epoch 36, val-acc 0.6120
04-14 10:16:55 -----Epoch 37/100-----
04-14 10:16:55 current lr: [8.000000000000001e-06]
  0%|          | 0/1 [00:00<?, ?it/s]100%|##########| 1/1 [00:00<00:00, 41.07it/s]
04-14 10:16:55 Train-Loss Source Classifier: 1.1750
04-14 10:16:55 Train-Loss CORAL: 0.2929
04-14 10:16:55 Train-Acc Source Data: 0.6562
  0%|          | 0/6 [00:00<?, ?it/s]100%|##########| 6/6 [00:00<00:00, 166.53it/s]
04-14 10:16:55 Val-Acc Target Data: 0.6094
04-14 10:16:55 The best model epoch 36, val-acc 0.6120
04-14 10:16:55 -----Epoch 38/100-----
04-14 10:16:55 current lr: [8.000000000000001e-06]
  0%|          | 0/1 [00:00<?, ?it/s]100%|##########| 1/1 [00:00<00:00, 46.46it/s]
04-14 10:16:56 Train-Loss Source Classifier: 1.2134
04-14 10:16:56 Train-Loss CORAL: 0.2624
04-14 10:16:56 Train-Acc Source Data: 0.6562
  0%|          | 0/6 [00:00<?, ?it/s]100%|##########| 6/6 [00:00<00:00, 170.60it/s]
04-14 10:16:56 Val-Acc Target Data: 0.6120
04-14 10:16:56 The best model epoch 38, val-acc 0.6120
04-14 10:16:56 -----Epoch 39/100-----
04-14 10:16:56 current lr: [8.000000000000001e-06]
  0%|          | 0/1 [00:00<?, ?it/s]100%|##########| 1/1 [00:00<00:00, 41.66it/s]
04-14 10:16:56 Train-Loss Source Classifier: 1.1881
04-14 10:16:56 Train-Loss CORAL: 0.3199
04-14 10:16:56 Train-Acc Source Data: 0.6719
  0%|          | 0/6 [00:00<?, ?it/s]100%|##########| 6/6 [00:00<00:00, 171.15it/s]
04-14 10:16:56 Val-Acc Target Data: 0.6120
04-14 10:16:56 The best model epoch 39, val-acc 0.6120
04-14 10:16:56 -----Epoch 40/100-----
04-14 10:16:56 current lr: [8.000000000000001e-06]
  0%|          | 0/1 [00:00<?, ?it/s]100%|##########| 1/1 [00:00<00:00, 44.52it/s]
04-14 10:16:56 Train-Loss Source Classifier: 1.1666
04-14 10:16:56 Train-Loss CORAL: 0.3404
04-14 10:16:56 Train-Acc Source Data: 0.6875
  0%|          | 0/6 [00:00<?, ?it/s]100%|##########| 6/6 [00:00<00:00, 171.59it/s]
04-14 10:16:56 Val-Acc Target Data: 0.6146
04-14 10:16:56 The best model epoch 40, val-acc 0.6146
04-14 10:16:56 -----Epoch 41/100-----
04-14 10:16:56 current lr: [1.6000000000000004e-06]
  0%|          | 0/1 [00:00<?, ?it/s]100%|##########| 1/1 [00:00<00:00, 53.06it/s]
04-14 10:16:56 Train-Loss Source Classifier: 1.1639
04-14 10:16:56 Train-Loss CORAL: 0.3133
04-14 10:16:56 Train-Acc Source Data: 0.7812
  0%|          | 0/6 [00:00<?, ?it/s]100%|##########| 6/6 [00:00<00:00, 171.04it/s]
04-14 10:16:56 Val-Acc Target Data: 0.6172
04-14 10:16:56 The best model epoch 41, val-acc 0.6172
04-14 10:16:56 -----Epoch 42/100-----
04-14 10:16:56 current lr: [1.6000000000000004e-06]
  0%|          | 0/1 [00:00<?, ?it/s]100%|##########| 1/1 [00:00<00:00, 46.95it/s]
04-14 10:16:56 Train-Loss Source Classifier: 1.1683
04-14 10:16:56 Train-Loss CORAL: 0.2412
04-14 10:16:56 Train-Acc Source Data: 0.7500
  0%|          | 0/6 [00:00<?, ?it/s]100%|##########| 6/6 [00:00<00:00, 170.34it/s]
04-14 10:16:56 Val-Acc Target Data: 0.6146
04-14 10:16:56 The best model epoch 41, val-acc 0.6172
04-14 10:16:56 -----Epoch 43/100-----
04-14 10:16:56 current lr: [1.6000000000000004e-06]
  0%|          | 0/1 [00:00<?, ?it/s]100%|##########| 1/1 [00:00<00:00, 45.52it/s]
04-14 10:16:56 Train-Loss Source Classifier: 1.1967
04-14 10:16:56 Train-Loss CORAL: 0.2739
04-14 10:16:56 Train-Acc Source Data: 0.6094
  0%|          | 0/6 [00:00<?, ?it/s]100%|##########| 6/6 [00:00<00:00, 154.42it/s]
04-14 10:16:56 Val-Acc Target Data: 0.6172
04-14 10:16:56 The best model epoch 43, val-acc 0.6172
04-14 10:16:56 -----Epoch 44/100-----
04-14 10:16:56 current lr: [1.6000000000000004e-06]
  0%|          | 0/1 [00:00<?, ?it/s]100%|##########| 1/1 [00:00<00:00, 47.30it/s]
04-14 10:16:56 Train-Loss Source Classifier: 1.1800
04-14 10:16:56 Train-Loss CORAL: 0.2792
04-14 10:16:56 Train-Acc Source Data: 0.7188
  0%|          | 0/6 [00:00<?, ?it/s]100%|##########| 6/6 [00:00<00:00, 170.05it/s]
04-14 10:16:56 Val-Acc Target Data: 0.6172
04-14 10:16:56 The best model epoch 44, val-acc 0.6172
04-14 10:16:56 -----Epoch 45/100-----
04-14 10:16:56 current lr: [1.6000000000000004e-06]
  0%|          | 0/1 [00:00<?, ?it/s]100%|##########| 1/1 [00:00<00:00, 46.58it/s]
04-14 10:16:56 Train-Loss Source Classifier: 1.1869
04-14 10:16:56 Train-Loss CORAL: 0.2767
04-14 10:16:56 Train-Acc Source Data: 0.6875
  0%|          | 0/6 [00:00<?, ?it/s]100%|##########| 6/6 [00:00<00:00, 173.38it/s]
04-14 10:16:56 Val-Acc Target Data: 0.6172
04-14 10:16:56 The best model epoch 45, val-acc 0.6172
04-14 10:16:56 -----Epoch 46/100-----
04-14 10:16:56 current lr: [1.6000000000000004e-06]
  0%|          | 0/1 [00:00<?, ?it/s]100%|##########| 1/1 [00:00<00:00, 44.90it/s]
04-14 10:16:56 Train-Loss Source Classifier: 1.1866
04-14 10:16:56 Train-Loss CORAL: 0.2443
04-14 10:16:56 Train-Acc Source Data: 0.6719
  0%|          | 0/6 [00:00<?, ?it/s]100%|##########| 6/6 [00:00<00:00, 174.12it/s]
04-14 10:16:56 Val-Acc Target Data: 0.6198
04-14 10:16:56 The best model epoch 46, val-acc 0.6198
04-14 10:16:56 -----Epoch 47/100-----
04-14 10:16:56 current lr: [1.6000000000000004e-06]
  0%|          | 0/1 [00:00<?, ?it/s]100%|##########| 1/1 [00:00<00:00, 42.80it/s]
04-14 10:16:56 Train-Loss Source Classifier: 1.1601
04-14 10:16:56 Train-Loss CORAL: 0.3632
04-14 10:16:56 Train-Acc Source Data: 0.7656
  0%|          | 0/6 [00:00<?, ?it/s]100%|##########| 6/6 [00:00<00:00, 169.60it/s]
04-14 10:16:56 Val-Acc Target Data: 0.6283
04-14 10:16:56 The best model epoch 47, val-acc 0.6283
04-14 10:16:56 -----Epoch 48/100-----
04-14 10:16:56 current lr: [1.6000000000000004e-06]
  0%|          | 0/1 [00:00<?, ?it/s]100%|##########| 1/1 [00:00<00:00, 47.28it/s]
04-14 10:16:56 Train-Loss Source Classifier: 1.1967
04-14 10:16:56 Train-Loss CORAL: 0.2821
04-14 10:16:56 Train-Acc Source Data: 0.6094
  0%|          | 0/6 [00:00<?, ?it/s]100%|##########| 6/6 [00:00<00:00, 172.77it/s]
04-14 10:16:56 Val-Acc Target Data: 0.6283
04-14 10:16:56 The best model epoch 48, val-acc 0.6283
04-14 10:16:56 -----Epoch 49/100-----
04-14 10:16:56 current lr: [1.6000000000000004e-06]
  0%|          | 0/1 [00:00<?, ?it/s]100%|##########| 1/1 [00:00<00:00, 45.39it/s]
04-14 10:16:56 Train-Loss Source Classifier: 1.1694
04-14 10:16:56 Train-Loss CORAL: 0.2991
04-14 10:16:56 Train-Acc Source Data: 0.7344
  0%|          | 0/6 [00:00<?, ?it/s]100%|##########| 6/6 [00:00<00:00, 169.67it/s]
04-14 10:16:56 Val-Acc Target Data: 0.6283
04-14 10:16:56 The best model epoch 49, val-acc 0.6283
04-14 10:16:56 -----Epoch 50/100-----
04-14 10:16:56 current lr: [1.6000000000000004e-06]
  0%|          | 0/1 [00:00<?, ?it/s]100%|##########| 1/1 [00:00<00:00, 40.39it/s]
04-14 10:16:56 Train-Loss Source Classifier: 1.1751
04-14 10:16:56 Train-Loss CORAL: 0.3077
04-14 10:16:56 Train-Acc Source Data: 0.7031
  0%|          | 0/6 [00:00<?, ?it/s]100%|##########| 6/6 [00:00<00:00, 161.42it/s]
04-14 10:16:56 Val-Acc Target Data: 0.6283
04-14 10:16:56 The best model epoch 50, val-acc 0.6283
04-14 10:16:56 -----Epoch 51/100-----
04-14 10:16:56 current lr: [3.200000000000001e-07]
  0%|          | 0/1 [00:00<?, ?it/s]100%|##########| 1/1 [00:00<00:00, 44.41it/s]
04-14 10:16:56 Train-Loss Source Classifier: 1.2121
04-14 10:16:56 Train-Loss CORAL: 0.2583
04-14 10:16:56 Train-Acc Source Data: 0.6406
  0%|          | 0/6 [00:00<?, ?it/s]100%|##########| 6/6 [00:00<00:00, 161.65it/s]
04-14 10:16:56 Val-Acc Target Data: 0.6257
04-14 10:16:56 The best model epoch 50, val-acc 0.6283
04-14 10:16:56 -----Epoch 52/100-----
04-14 10:16:56 current lr: [3.200000000000001e-07]
  0%|          | 0/1 [00:00<?, ?it/s]100%|##########| 1/1 [00:00<00:00, 44.26it/s]
04-14 10:16:56 Train-Loss Source Classifier: 1.1787
04-14 10:16:56 Train-Loss CORAL: 0.2857
04-14 10:16:56 Train-Acc Source Data: 0.7031
  0%|          | 0/6 [00:00<?, ?it/s]100%|##########| 6/6 [00:00<00:00, 171.18it/s]
04-14 10:16:56 Val-Acc Target Data: 0.6257
04-14 10:16:56 The best model epoch 50, val-acc 0.6283
04-14 10:16:56 -----Epoch 53/100-----
04-14 10:16:56 current lr: [3.200000000000001e-07]
  0%|          | 0/1 [00:00<?, ?it/s]100%|##########| 1/1 [00:00<00:00, 43.01it/s]
04-14 10:16:57 Train-Loss Source Classifier: 1.1696
04-14 10:16:57 Train-Loss CORAL: 0.2412
04-14 10:16:57 Train-Acc Source Data: 0.7031
  0%|          | 0/6 [00:00<?, ?it/s]100%|##########| 6/6 [00:00<00:00, 158.22it/s]
04-14 10:16:57 Val-Acc Target Data: 0.6257
04-14 10:16:57 The best model epoch 50, val-acc 0.6283
04-14 10:16:57 -----Epoch 54/100-----
04-14 10:16:57 current lr: [3.200000000000001e-07]
  0%|          | 0/1 [00:00<?, ?it/s]100%|##########| 1/1 [00:00<00:00, 38.48it/s]
04-14 10:16:57 Train-Loss Source Classifier: 1.2046
04-14 10:16:57 Train-Loss CORAL: 0.2685
04-14 10:16:57 Train-Acc Source Data: 0.6094
  0%|          | 0/6 [00:00<?, ?it/s]100%|##########| 6/6 [00:00<00:00, 162.47it/s]
04-14 10:16:57 Val-Acc Target Data: 0.6205
04-14 10:16:57 The best model epoch 50, val-acc 0.6283
04-14 10:16:57 -----Epoch 55/100-----
04-14 10:16:57 current lr: [3.200000000000001e-07]
  0%|          | 0/1 [00:00<?, ?it/s]100%|##########| 1/1 [00:00<00:00, 53.48it/s]
04-14 10:16:57 Train-Loss Source Classifier: 1.1667
04-14 10:16:57 Train-Loss CORAL: 0.2870
04-14 10:16:57 Train-Acc Source Data: 0.7969
  0%|          | 0/6 [00:00<?, ?it/s]100%|##########| 6/6 [00:00<00:00, 171.89it/s]
04-14 10:16:57 Val-Acc Target Data: 0.6231
04-14 10:16:57 The best model epoch 50, val-acc 0.6283
04-14 10:16:57 -----Epoch 56/100-----
04-14 10:16:57 current lr: [3.200000000000001e-07]
  0%|          | 0/1 [00:00<?, ?it/s]100%|##########| 1/1 [00:00<00:00, 46.98it/s]
04-14 10:16:57 Train-Loss Source Classifier: 1.1729
04-14 10:16:57 Train-Loss CORAL: 0.2827
04-14 10:16:57 Train-Acc Source Data: 0.7656
  0%|          | 0/6 [00:00<?, ?it/s]100%|##########| 6/6 [00:00<00:00, 156.46it/s]
04-14 10:16:57 Val-Acc Target Data: 0.6231
04-14 10:16:57 The best model epoch 50, val-acc 0.6283
04-14 10:16:57 -----Epoch 57/100-----
04-14 10:16:57 current lr: [3.200000000000001e-07]
  0%|          | 0/1 [00:00<?, ?it/s]100%|##########| 1/1 [00:00<00:00, 43.93it/s]
04-14 10:16:57 Train-Loss Source Classifier: 1.1927
04-14 10:16:57 Train-Loss CORAL: 0.3210
04-14 10:16:57 Train-Acc Source Data: 0.6875
  0%|          | 0/6 [00:00<?, ?it/s]100%|##########| 6/6 [00:00<00:00, 169.41it/s]
04-14 10:16:57 Val-Acc Target Data: 0.6291
04-14 10:16:57 The best model epoch 57, val-acc 0.6291
04-14 10:16:57 -----Epoch 58/100-----
04-14 10:16:57 current lr: [3.200000000000001e-07]
  0%|          | 0/1 [00:00<?, ?it/s]100%|##########| 1/1 [00:00<00:00, 46.39it/s]
04-14 10:16:57 Train-Loss Source Classifier: 1.1936
04-14 10:16:57 Train-Loss CORAL: 0.2878
04-14 10:16:57 Train-Acc Source Data: 0.7188
  0%|          | 0/6 [00:00<?, ?it/s]100%|##########| 6/6 [00:00<00:00, 167.68it/s]
04-14 10:16:57 Val-Acc Target Data: 0.6291
04-14 10:16:57 The best model epoch 58, val-acc 0.6291
04-14 10:16:57 -----Epoch 59/100-----
04-14 10:16:57 current lr: [3.200000000000001e-07]
  0%|          | 0/1 [00:00<?, ?it/s]100%|##########| 1/1 [00:00<00:00, 46.99it/s]
04-14 10:16:57 Train-Loss Source Classifier: 1.1822
04-14 10:16:57 Train-Loss CORAL: 0.2627
04-14 10:16:57 Train-Acc Source Data: 0.6406
  0%|          | 0/6 [00:00<?, ?it/s]100%|##########| 6/6 [00:00<00:00, 164.91it/s]
04-14 10:16:57 Val-Acc Target Data: 0.6317
04-14 10:16:57 The best model epoch 59, val-acc 0.6317
04-14 10:16:57 -----Epoch 60/100-----
04-14 10:16:57 current lr: [3.200000000000001e-07]
  0%|          | 0/1 [00:00<?, ?it/s]100%|##########| 1/1 [00:00<00:00, 42.89it/s]
04-14 10:16:57 Train-Loss Source Classifier: 1.1626
04-14 10:16:57 Train-Loss CORAL: 0.2461
04-14 10:16:57 Train-Acc Source Data: 0.7969
  0%|          | 0/6 [00:00<?, ?it/s]100%|##########| 6/6 [00:00<00:00, 158.37it/s]
04-14 10:16:57 Val-Acc Target Data: 0.6317
04-14 10:16:57 The best model epoch 60, val-acc 0.6317
04-14 10:16:57 -----Epoch 61/100-----
04-14 10:16:57 current lr: [6.400000000000003e-08]
  0%|          | 0/1 [00:00<?, ?it/s]100%|##########| 1/1 [00:00<00:00, 44.41it/s]
04-14 10:16:57 Train-Loss Source Classifier: 1.1855
04-14 10:16:57 Train-Loss CORAL: 0.2430
04-14 10:16:57 Train-Acc Source Data: 0.6719
  0%|          | 0/6 [00:00<?, ?it/s]100%|##########| 6/6 [00:00<00:00, 163.70it/s]
04-14 10:16:57 Val-Acc Target Data: 0.6257
04-14 10:16:57 The best model epoch 60, val-acc 0.6317
04-14 10:16:57 -----Epoch 62/100-----
04-14 10:16:57 current lr: [6.400000000000003e-08]
  0%|          | 0/1 [00:00<?, ?it/s]100%|##########| 1/1 [00:00<00:00, 45.82it/s]
04-14 10:16:57 Train-Loss Source Classifier: 1.1825
04-14 10:16:57 Train-Loss CORAL: 0.2793
04-14 10:16:57 Train-Acc Source Data: 0.7031
  0%|          | 0/6 [00:00<?, ?it/s]100%|##########| 6/6 [00:00<00:00, 168.04it/s]
04-14 10:16:57 Val-Acc Target Data: 0.6317
04-14 10:16:57 The best model epoch 62, val-acc 0.6317
04-14 10:16:57 -----Epoch 63/100-----
04-14 10:16:57 current lr: [6.400000000000003e-08]
  0%|          | 0/1 [00:00<?, ?it/s]100%|##########| 1/1 [00:00<00:00, 44.58it/s]
04-14 10:16:57 Train-Loss Source Classifier: 1.2084
04-14 10:16:57 Train-Loss CORAL: 0.2608
04-14 10:16:57 Train-Acc Source Data: 0.5781
  0%|          | 0/6 [00:00<?, ?it/s]100%|##########| 6/6 [00:00<00:00, 160.86it/s]
04-14 10:16:57 Val-Acc Target Data: 0.6231
04-14 10:16:57 The best model epoch 62, val-acc 0.6317
04-14 10:16:57 -----Epoch 64/100-----
04-14 10:16:57 current lr: [6.400000000000003e-08]
  0%|          | 0/1 [00:00<?, ?it/s]100%|##########| 1/1 [00:00<00:00, 46.59it/s]
04-14 10:16:57 Train-Loss Source Classifier: 1.1731
04-14 10:16:57 Train-Loss CORAL: 0.3260
04-14 10:16:57 Train-Acc Source Data: 0.7188
  0%|          | 0/6 [00:00<?, ?it/s]100%|##########| 6/6 [00:00<00:00, 160.59it/s]
04-14 10:16:57 Val-Acc Target Data: 0.6257
04-14 10:16:57 The best model epoch 62, val-acc 0.6317
04-14 10:16:57 -----Epoch 65/100-----
04-14 10:16:57 current lr: [6.400000000000003e-08]
  0%|          | 0/1 [00:00<?, ?it/s]100%|##########| 1/1 [00:00<00:00, 40.52it/s]
04-14 10:16:57 Train-Loss Source Classifier: 1.1697
04-14 10:16:57 Train-Loss CORAL: 0.3303
04-14 10:16:57 Train-Acc Source Data: 0.7188
  0%|          | 0/6 [00:00<?, ?it/s]100%|##########| 6/6 [00:00<00:00, 161.95it/s]
04-14 10:16:57 Val-Acc Target Data: 0.6291
04-14 10:16:57 The best model epoch 62, val-acc 0.6317
04-14 10:16:57 -----Epoch 66/100-----
04-14 10:16:57 current lr: [6.400000000000003e-08]
  0%|          | 0/1 [00:00<?, ?it/s]100%|##########| 1/1 [00:00<00:00, 44.86it/s]
04-14 10:16:57 Train-Loss Source Classifier: 1.1845
04-14 10:16:57 Train-Loss CORAL: 0.2830
04-14 10:16:57 Train-Acc Source Data: 0.6719
  0%|          | 0/6 [00:00<?, ?it/s]100%|##########| 6/6 [00:00<00:00, 168.52it/s]
04-14 10:16:57 Val-Acc Target Data: 0.6291
04-14 10:16:57 The best model epoch 62, val-acc 0.6317
04-14 10:16:57 -----Epoch 67/100-----
04-14 10:16:57 current lr: [6.400000000000003e-08]
  0%|          | 0/1 [00:00<?, ?it/s]100%|##########| 1/1 [00:00<00:00, 43.06it/s]
04-14 10:16:57 Train-Loss Source Classifier: 1.1803
04-14 10:16:57 Train-Loss CORAL: 0.2804
04-14 10:16:57 Train-Acc Source Data: 0.6875
  0%|          | 0/6 [00:00<?, ?it/s]100%|##########| 6/6 [00:00<00:00, 136.84it/s]
04-14 10:16:58 Val-Acc Target Data: 0.6291
04-14 10:16:58 The best model epoch 62, val-acc 0.6317
04-14 10:16:58 -----Epoch 68/100-----
04-14 10:16:58 current lr: [6.400000000000003e-08]
  0%|          | 0/1 [00:00<?, ?it/s]100%|##########| 1/1 [00:00<00:00, 48.60it/s]
04-14 10:16:58 Train-Loss Source Classifier: 1.1885
04-14 10:16:58 Train-Loss CORAL: 0.2515
04-14 10:16:58 Train-Acc Source Data: 0.6875
  0%|          | 0/6 [00:00<?, ?it/s]100%|##########| 6/6 [00:00<00:00, 168.36it/s]
04-14 10:16:58 Val-Acc Target Data: 0.6291
04-14 10:16:58 The best model epoch 62, val-acc 0.6317
04-14 10:16:58 -----Epoch 69/100-----
04-14 10:16:58 current lr: [6.400000000000003e-08]
  0%|          | 0/1 [00:00<?, ?it/s]100%|##########| 1/1 [00:00<00:00, 43.34it/s]
04-14 10:16:58 Train-Loss Source Classifier: 1.2003
04-14 10:16:58 Train-Loss CORAL: 0.2610
04-14 10:16:58 Train-Acc Source Data: 0.6250
  0%|          | 0/6 [00:00<?, ?it/s]100%|##########| 6/6 [00:00<00:00, 166.69it/s]
04-14 10:16:58 Val-Acc Target Data: 0.6291
04-14 10:16:58 The best model epoch 62, val-acc 0.6317
04-14 10:16:58 -----Epoch 70/100-----
04-14 10:16:58 current lr: [6.400000000000003e-08]
  0%|          | 0/1 [00:00<?, ?it/s]100%|##########| 1/1 [00:00<00:00, 44.69it/s]
04-14 10:16:58 Train-Loss Source Classifier: 1.1759
04-14 10:16:58 Train-Loss CORAL: 0.2548
04-14 10:16:58 Train-Acc Source Data: 0.6875
  0%|          | 0/6 [00:00<?, ?it/s]100%|##########| 6/6 [00:00<00:00, 171.45it/s]
04-14 10:16:58 Val-Acc Target Data: 0.6291
04-14 10:16:58 The best model epoch 62, val-acc 0.6317
04-14 10:16:58 -----Epoch 71/100-----
04-14 10:16:58 current lr: [1.2800000000000007e-08]
  0%|          | 0/1 [00:00<?, ?it/s]100%|##########| 1/1 [00:00<00:00, 46.95it/s]
04-14 10:16:58 Train-Loss Source Classifier: 1.1646
04-14 10:16:58 Train-Loss CORAL: 0.2367
04-14 10:16:58 Train-Acc Source Data: 0.7344
  0%|          | 0/6 [00:00<?, ?it/s]100%|##########| 6/6 [00:00<00:00, 141.76it/s]
04-14 10:16:58 Val-Acc Target Data: 0.6291
04-14 10:16:58 The best model epoch 62, val-acc 0.6317
04-14 10:16:58 -----Epoch 72/100-----
04-14 10:16:58 current lr: [1.2800000000000007e-08]
  0%|          | 0/1 [00:00<?, ?it/s]100%|##########| 1/1 [00:00<00:00, 37.89it/s]
04-14 10:16:58 Train-Loss Source Classifier: 1.1827
04-14 10:16:58 Train-Loss CORAL: 0.2877
04-14 10:16:58 Train-Acc Source Data: 0.7812
  0%|          | 0/6 [00:00<?, ?it/s]100%|##########| 6/6 [00:00<00:00, 173.97it/s]
04-14 10:16:58 Val-Acc Target Data: 0.6291
04-14 10:16:58 The best model epoch 62, val-acc 0.6317
04-14 10:16:58 -----Epoch 73/100-----
04-14 10:16:58 current lr: [1.2800000000000007e-08]
  0%|          | 0/1 [00:00<?, ?it/s]100%|##########| 1/1 [00:00<00:00, 44.88it/s]
04-14 10:16:58 Train-Loss Source Classifier: 1.1503
04-14 10:16:58 Train-Loss CORAL: 0.3259
04-14 10:16:58 Train-Acc Source Data: 0.7812
  0%|          | 0/6 [00:00<?, ?it/s]100%|##########| 6/6 [00:00<00:00, 174.20it/s]
04-14 10:16:58 Val-Acc Target Data: 0.6291
04-14 10:16:58 The best model epoch 62, val-acc 0.6317
04-14 10:16:58 -----Epoch 74/100-----
04-14 10:16:58 current lr: [1.2800000000000007e-08]
  0%|          | 0/1 [00:00<?, ?it/s]100%|##########| 1/1 [00:00<00:00, 43.46it/s]
04-14 10:16:58 Train-Loss Source Classifier: 1.2071
04-14 10:16:58 Train-Loss CORAL: 0.3461
04-14 10:16:58 Train-Acc Source Data: 0.5781
  0%|          | 0/6 [00:00<?, ?it/s]100%|##########| 6/6 [00:00<00:00, 170.89it/s]
04-14 10:16:58 Val-Acc Target Data: 0.6291
04-14 10:16:58 The best model epoch 62, val-acc 0.6317
04-14 10:16:58 -----Epoch 75/100-----
04-14 10:16:58 current lr: [1.2800000000000007e-08]
  0%|          | 0/1 [00:00<?, ?it/s]100%|##########| 1/1 [00:00<00:00, 46.91it/s]
04-14 10:16:58 Train-Loss Source Classifier: 1.1935
04-14 10:16:58 Train-Loss CORAL: 0.3080
04-14 10:16:58 Train-Acc Source Data: 0.6719
  0%|          | 0/6 [00:00<?, ?it/s]100%|##########| 6/6 [00:00<00:00, 174.09it/s]
04-14 10:16:58 Val-Acc Target Data: 0.6291
04-14 10:16:58 The best model epoch 62, val-acc 0.6317
04-14 10:16:58 -----Epoch 76/100-----
04-14 10:16:58 current lr: [1.2800000000000007e-08]
  0%|          | 0/1 [00:00<?, ?it/s]100%|##########| 1/1 [00:00<00:00, 47.24it/s]
04-14 10:16:58 Train-Loss Source Classifier: 1.1795
04-14 10:16:58 Train-Loss CORAL: 0.2287
04-14 10:16:58 Train-Acc Source Data: 0.7188
  0%|          | 0/6 [00:00<?, ?it/s]100%|##########| 6/6 [00:00<00:00, 168.91it/s]
04-14 10:16:58 Val-Acc Target Data: 0.6291
04-14 10:16:58 The best model epoch 62, val-acc 0.6317
04-14 10:16:58 -----Epoch 77/100-----
04-14 10:16:58 current lr: [1.2800000000000007e-08]
  0%|          | 0/1 [00:00<?, ?it/s]100%|##########| 1/1 [00:00<00:00, 46.93it/s]
04-14 10:16:58 Train-Loss Source Classifier: 1.1907
04-14 10:16:58 Train-Loss CORAL: 0.2980
04-14 10:16:58 Train-Acc Source Data: 0.7031
  0%|          | 0/6 [00:00<?, ?it/s]100%|##########| 6/6 [00:00<00:00, 173.27it/s]
04-14 10:16:58 Val-Acc Target Data: 0.6291
04-14 10:16:58 The best model epoch 62, val-acc 0.6317
04-14 10:16:58 -----Epoch 78/100-----
04-14 10:16:58 current lr: [1.2800000000000007e-08]
  0%|          | 0/1 [00:00<?, ?it/s]100%|##########| 1/1 [00:00<00:00, 44.64it/s]
04-14 10:16:58 Train-Loss Source Classifier: 1.1594
04-14 10:16:58 Train-Loss CORAL: 0.3244
04-14 10:16:58 Train-Acc Source Data: 0.7812
  0%|          | 0/6 [00:00<?, ?it/s]100%|##########| 6/6 [00:00<00:00, 174.42it/s]
