04-11 09:44:31 imba: True
04-11 09:44:31 model_name: CORAL
04-11 09:44:31 Domain: CWRU
04-11 09:44:31 source: CWRU_1
04-11 09:44:31 target: CWRU_2
04-11 09:44:31 data_dir: ./datasets
04-11 09:44:31 train_mode: single_source
04-11 09:44:31 cuda_device: 0
04-11 09:44:31 save_dir: ./ckpt
04-11 09:44:31 max_epoch: 30
04-11 09:44:31 batch_size: 64
04-11 09:44:31 num_workers: 0
04-11 09:44:31 signal_size: 2048
04-11 09:44:31 random_state: 2024
04-11 09:44:31 normlizetype: mean-std
04-11 09:44:31 opt: sgd
04-11 09:44:31 lr: 0.01
04-11 09:44:31 momentum: 0.9
04-11 09:44:31 betas: (0.9, 0.999)
04-11 09:44:31 weight_decay: 0.0005
04-11 09:44:31 lr_scheduler: stepLR
04-11 09:44:31 gamma: 0.2
04-11 09:44:31 steps: 10
04-11 09:44:31 tradeoff: ['exp', 'exp', 'exp']
04-11 09:44:31 dropout: 0.0
04-11 09:44:31 save: False
04-11 09:44:31 load_path: 
04-11 09:44:31 save_path: ./ckpt/CORAL/single_source/[CWRU_1]To[CWRU_2]_0411-094431
04-11 09:44:31 Detect 4 classes: ['ball', 'inner', 'normal', 'outer']
04-11 09:44:31 using 1 / 1 gpus
Training data length: 757
Testing data length: 379
Source Data Distribution:04-11 09:44:34 Source set CWRU_1 number of samples 1044.
+--------------+---------+
| Label        |   Count |
|--------------+---------|
| 0            |     261 |
| 1            |     261 |
| 2            |     261 |
| 3            |     261 |
| Dataset Size |    1044 |
+--------------+---------+

Training data length: 757
Testing data length: 379
Target Data Distribution:04-11 09:44:34 target training set number of samples 177.
+--------------+---------+-------+
|              |   train |   val |
|--------------+---------+-------|
| 0            |       1 |    87 |
| 1            |       1 |    87 |
| 2            |     174 |    87 |
| 3            |       1 |    87 |
| Dataset Size |     177 |   348 |
+--------------+---------+-------+

04-11 09:44:34 target validation set number of samples 348.
04-11 09:44:34 -----Epoch 1/30-----
04-11 09:44:34 current lr: [0.01]
  0%|          | 0/2 [00:00<?, ?it/s]100%|##########| 2/2 [00:00<00:00, 22.58it/s]
04-11 09:44:34 Train-Loss Source Classifier: 1.4367
04-11 09:44:34 Train-Loss CORAL: 0.8979
04-11 09:44:34 Train-Acc Source Data: 0.0938
  0%|          | 0/5 [00:00<?, ?it/s]100%|##########| 5/5 [00:00<00:00, 156.99it/s]
04-11 09:44:34 Val-Acc Target Data: 0.2719
04-11 09:44:34 The best model epoch 1, val-acc 0.2719
04-11 09:44:34 -----Epoch 2/30-----
04-11 09:44:34 current lr: [0.01]
  0%|          | 0/2 [00:00<?, ?it/s]100%|##########| 2/2 [00:00<00:00, 36.95it/s]
04-11 09:44:34 Train-Loss Source Classifier: 1.2512
04-11 09:44:34 Train-Loss CORAL: 0.8952
04-11 09:44:34 Train-Acc Source Data: 0.4609
  0%|          | 0/5 [00:00<?, ?it/s]100%|##########| 5/5 [00:00<00:00, 157.91it/s]
04-11 09:44:34 Val-Acc Target Data: 0.2719
04-11 09:44:34 The best model epoch 2, val-acc 0.2719
04-11 09:44:34 -----Epoch 3/30-----
04-11 09:44:34 current lr: [0.01]
  0%|          | 0/2 [00:00<?, ?it/s]100%|##########| 2/2 [00:00<00:00, 41.18it/s]
04-11 09:44:34 Train-Loss Source Classifier: 1.0852
04-11 09:44:34 Train-Loss CORAL: 0.6661
04-11 09:44:34 Train-Acc Source Data: 0.7344
  0%|          | 0/5 [00:00<?, ?it/s]100%|##########| 5/5 [00:00<00:00, 155.05it/s]
04-11 09:44:34 Val-Acc Target Data: 0.2719
04-11 09:44:34 The best model epoch 3, val-acc 0.2719
04-11 09:44:34 -----Epoch 4/30-----
04-11 09:44:34 current lr: [0.01]
  0%|          | 0/2 [00:00<?, ?it/s]100%|##########| 2/2 [00:00<00:00, 37.04it/s]
04-11 09:44:34 Train-Loss Source Classifier: 0.9348
04-11 09:44:34 Train-Loss CORAL: 0.5641
04-11 09:44:34 Train-Acc Source Data: 0.7109
  0%|          | 0/5 [00:00<?, ?it/s]100%|##########| 5/5 [00:00<00:00, 155.98it/s]
04-11 09:44:34 Val-Acc Target Data: 0.2719
04-11 09:44:34 The best model epoch 4, val-acc 0.2719
04-11 09:44:34 -----Epoch 5/30-----
04-11 09:44:34 current lr: [0.01]
  0%|          | 0/2 [00:00<?, ?it/s]100%|##########| 2/2 [00:00<00:00, 42.45it/s]
04-11 09:44:34 Train-Loss Source Classifier: 0.9193
04-11 09:44:34 Train-Loss CORAL: 0.4681
04-11 09:44:34 Train-Acc Source Data: 0.5469
  0%|          | 0/5 [00:00<?, ?it/s]100%|##########| 5/5 [00:00<00:00, 139.68it/s]
04-11 09:44:34 Val-Acc Target Data: 0.2719
04-11 09:44:34 The best model epoch 5, val-acc 0.2719
04-11 09:44:34 -----Epoch 6/30-----
04-11 09:44:34 current lr: [0.01]
  0%|          | 0/2 [00:00<?, ?it/s]100%|##########| 2/2 [00:00<00:00, 37.34it/s]
04-11 09:44:34 Train-Loss Source Classifier: 0.6665
04-11 09:44:34 Train-Loss CORAL: 0.2392
04-11 09:44:34 Train-Acc Source Data: 0.7734
  0%|          | 0/5 [00:00<?, ?it/s]100%|##########| 5/5 [00:00<00:00, 151.38it/s]
04-11 09:44:34 Val-Acc Target Data: 0.2719
04-11 09:44:34 The best model epoch 6, val-acc 0.2719
04-11 09:44:34 -----Epoch 7/30-----
04-11 09:44:34 current lr: [0.01]
  0%|          | 0/2 [00:00<?, ?it/s]100%|##########| 2/2 [00:00<00:00, 40.14it/s]
04-11 09:44:35 Train-Loss Source Classifier: 0.8324
04-11 09:44:35 Train-Loss CORAL: 0.1780
04-11 09:44:35 Train-Acc Source Data: 0.5625
  0%|          | 0/5 [00:00<?, ?it/s]100%|##########| 5/5 [00:00<00:00, 158.67it/s]
04-11 09:44:35 Val-Acc Target Data: 0.2719
04-11 09:44:35 The best model epoch 7, val-acc 0.2719
04-11 09:44:35 -----Epoch 8/30-----
04-11 09:44:35 current lr: [0.01]
  0%|          | 0/2 [00:00<?, ?it/s]100%|##########| 2/2 [00:00<00:00, 38.52it/s]
04-11 09:44:35 Train-Loss Source Classifier: 0.3570
04-11 09:44:35 Train-Loss CORAL: 0.1847
04-11 09:44:35 Train-Acc Source Data: 0.9688
  0%|          | 0/5 [00:00<?, ?it/s]100%|##########| 5/5 [00:00<00:00, 146.61it/s]
04-11 09:44:35 Val-Acc Target Data: 0.4562
04-11 09:44:35 The best model epoch 8, val-acc 0.4562
04-11 09:44:35 -----Epoch 9/30-----
04-11 09:44:35 current lr: [0.01]
  0%|          | 0/2 [00:00<?, ?it/s]100%|##########| 2/2 [00:00<00:00, 36.56it/s]
04-11 09:44:35 Train-Loss Source Classifier: 0.3024
04-11 09:44:35 Train-Loss CORAL: 0.1945
04-11 09:44:35 Train-Acc Source Data: 0.9453
  0%|          | 0/5 [00:00<?, ?it/s]100%|##########| 5/5 [00:00<00:00, 153.84it/s]
04-11 09:44:35 Val-Acc Target Data: 0.4562
04-11 09:44:35 The best model epoch 9, val-acc 0.4562
04-11 09:44:35 -----Epoch 10/30-----
04-11 09:44:35 current lr: [0.01]
  0%|          | 0/2 [00:00<?, ?it/s]100%|##########| 2/2 [00:00<00:00, 37.90it/s]
04-11 09:44:35 Train-Loss Source Classifier: 0.1452
04-11 09:44:35 Train-Loss CORAL: 0.1473
04-11 09:44:35 Train-Acc Source Data: 0.9844
  0%|          | 0/5 [00:00<?, ?it/s]100%|##########| 5/5 [00:00<00:00, 156.49it/s]
04-11 09:44:35 Val-Acc Target Data: 0.4750
04-11 09:44:35 The best model epoch 10, val-acc 0.4750
04-11 09:44:35 -----Epoch 11/30-----
04-11 09:44:35 current lr: [0.002]
  0%|          | 0/2 [00:00<?, ?it/s]100%|##########| 2/2 [00:00<00:00, 37.19it/s]
04-11 09:44:35 Train-Loss Source Classifier: 0.2029
04-11 09:44:35 Train-Loss CORAL: 0.1598
04-11 09:44:35 Train-Acc Source Data: 0.9688
  0%|          | 0/5 [00:00<?, ?it/s]100%|##########| 5/5 [00:00<00:00, 160.74it/s]
04-11 09:44:35 Val-Acc Target Data: 0.6125
04-11 09:44:35 The best model epoch 11, val-acc 0.6125
04-11 09:44:35 -----Epoch 12/30-----
04-11 09:44:35 current lr: [0.002]
  0%|          | 0/2 [00:00<?, ?it/s]100%|##########| 2/2 [00:00<00:00, 39.35it/s]
04-11 09:44:35 Train-Loss Source Classifier: 0.1342
04-11 09:44:35 Train-Loss CORAL: 0.1551
04-11 09:44:35 Train-Acc Source Data: 0.9688
  0%|          | 0/5 [00:00<?, ?it/s]100%|##########| 5/5 [00:00<00:00, 159.09it/s]
04-11 09:44:35 Val-Acc Target Data: 0.7125
04-11 09:44:35 The best model epoch 12, val-acc 0.7125
04-11 09:44:35 -----Epoch 13/30-----
04-11 09:44:35 current lr: [0.002]
  0%|          | 0/2 [00:00<?, ?it/s]100%|##########| 2/2 [00:00<00:00, 39.00it/s]
04-11 09:44:35 Train-Loss Source Classifier: 0.0801
04-11 09:44:35 Train-Loss CORAL: 0.1497
04-11 09:44:35 Train-Acc Source Data: 1.0000
  0%|          | 0/5 [00:00<?, ?it/s]100%|##########| 5/5 [00:00<00:00, 150.00it/s]
04-11 09:44:35 Val-Acc Target Data: 0.7656
04-11 09:44:35 The best model epoch 13, val-acc 0.7656
04-11 09:44:35 -----Epoch 14/30-----
04-11 09:44:35 current lr: [0.002]
  0%|          | 0/2 [00:00<?, ?it/s]100%|##########| 2/2 [00:00<00:00, 41.48it/s]
04-11 09:44:35 Train-Loss Source Classifier: 0.0692
04-11 09:44:35 Train-Loss CORAL: 0.1315
04-11 09:44:35 Train-Acc Source Data: 1.0000
  0%|          | 0/5 [00:00<?, ?it/s]100%|##########| 5/5 [00:00<00:00, 159.75it/s]
04-11 09:44:35 Val-Acc Target Data: 0.8375
04-11 09:44:35 The best model epoch 14, val-acc 0.8375
04-11 09:44:35 -----Epoch 15/30-----
04-11 09:44:35 current lr: [0.002]
  0%|          | 0/2 [00:00<?, ?it/s]100%|##########| 2/2 [00:00<00:00, 39.72it/s]
04-11 09:44:35 Train-Loss Source Classifier: 0.0655
04-11 09:44:35 Train-Loss CORAL: 0.0989
04-11 09:44:35 Train-Acc Source Data: 0.9844
  0%|          | 0/5 [00:00<?, ?it/s]100%|##########| 5/5 [00:00<00:00, 153.30it/s]
04-11 09:44:35 Val-Acc Target Data: 0.9062
04-11 09:44:35 The best model epoch 15, val-acc 0.9062
04-11 09:44:35 -----Epoch 16/30-----
04-11 09:44:35 current lr: [0.002]
  0%|          | 0/2 [00:00<?, ?it/s]100%|##########| 2/2 [00:00<00:00, 41.25it/s]
04-11 09:44:35 Train-Loss Source Classifier: 0.0619
04-11 09:44:35 Train-Loss CORAL: 0.1058
04-11 09:44:35 Train-Acc Source Data: 0.9922
  0%|          | 0/5 [00:00<?, ?it/s]100%|##########| 5/5 [00:00<00:00, 158.09it/s]
04-11 09:44:35 Val-Acc Target Data: 0.9031
04-11 09:44:35 The best model epoch 15, val-acc 0.9062
04-11 09:44:35 -----Epoch 17/30-----
04-11 09:44:35 current lr: [0.002]
  0%|          | 0/2 [00:00<?, ?it/s]100%|##########| 2/2 [00:00<00:00, 41.67it/s]
04-11 09:44:35 Train-Loss Source Classifier: 0.0573
04-11 09:44:35 Train-Loss CORAL: 0.0944
04-11 09:44:35 Train-Acc Source Data: 0.9844
  0%|          | 0/5 [00:00<?, ?it/s]100%|##########| 5/5 [00:00<00:00, 159.57it/s]
04-11 09:44:35 Val-Acc Target Data: 0.9125
04-11 09:44:35 The best model epoch 17, val-acc 0.9125
04-11 09:44:35 -----Epoch 18/30-----
04-11 09:44:35 current lr: [0.002]
  0%|          | 0/2 [00:00<?, ?it/s]100%|##########| 2/2 [00:00<00:00, 42.35it/s]
04-11 09:44:36 Train-Loss Source Classifier: 0.0605
04-11 09:44:36 Train-Loss CORAL: 0.0924
04-11 09:44:36 Train-Acc Source Data: 0.9922
  0%|          | 0/5 [00:00<?, ?it/s]100%|##########| 5/5 [00:00<00:00, 142.87it/s]
04-11 09:44:36 Val-Acc Target Data: 0.8938
04-11 09:44:36 The best model epoch 17, val-acc 0.9125
04-11 09:44:36 -----Epoch 19/30-----
04-11 09:44:36 current lr: [0.002]
  0%|          | 0/2 [00:00<?, ?it/s]100%|##########| 2/2 [00:00<00:00, 42.41it/s]
04-11 09:44:36 Train-Loss Source Classifier: 0.0415
04-11 09:44:36 Train-Loss CORAL: 0.0790
04-11 09:44:36 Train-Acc Source Data: 1.0000
  0%|          | 0/5 [00:00<?, ?it/s]100%|##########| 5/5 [00:00<00:00, 167.36it/s]
04-11 09:44:36 Val-Acc Target Data: 0.8688
04-11 09:44:36 The best model epoch 17, val-acc 0.9125
04-11 09:44:36 -----Epoch 20/30-----
04-11 09:44:36 current lr: [0.002]
  0%|          | 0/2 [00:00<?, ?it/s]100%|##########| 2/2 [00:00<00:00, 40.74it/s]
04-11 09:44:36 Train-Loss Source Classifier: 0.0416
04-11 09:44:36 Train-Loss CORAL: 0.0733
04-11 09:44:36 Train-Acc Source Data: 1.0000
  0%|          | 0/5 [00:00<?, ?it/s]100%|##########| 5/5 [00:00<00:00, 137.32it/s]
04-11 09:44:36 Val-Acc Target Data: 0.8438
04-11 09:44:36 The best model epoch 17, val-acc 0.9125
04-11 09:44:36 -----Epoch 21/30-----
04-11 09:44:36 current lr: [0.0004]
  0%|          | 0/2 [00:00<?, ?it/s]100%|##########| 2/2 [00:00<00:00, 40.64it/s]
04-11 09:44:36 Train-Loss Source Classifier: 0.0433
04-11 09:44:36 Train-Loss CORAL: 0.0734
04-11 09:44:36 Train-Acc Source Data: 1.0000
  0%|          | 0/5 [00:00<?, ?it/s]100%|##########| 5/5 [00:00<00:00, 157.67it/s]
04-11 09:44:36 Val-Acc Target Data: 0.8219
04-11 09:44:36 The best model epoch 17, val-acc 0.9125
04-11 09:44:36 -----Epoch 22/30-----
04-11 09:44:36 current lr: [0.0004]
  0%|          | 0/2 [00:00<?, ?it/s]100%|##########| 2/2 [00:00<00:00, 41.56it/s]
04-11 09:44:36 Train-Loss Source Classifier: 0.0368
04-11 09:44:36 Train-Loss CORAL: 0.0743
04-11 09:44:36 Train-Acc Source Data: 1.0000
  0%|          | 0/5 [00:00<?, ?it/s]100%|##########| 5/5 [00:00<00:00, 159.89it/s]
04-11 09:44:36 Val-Acc Target Data: 0.8063
04-11 09:44:36 The best model epoch 17, val-acc 0.9125
04-11 09:44:36 -----Epoch 23/30-----
04-11 09:44:36 current lr: [0.0004]
  0%|          | 0/2 [00:00<?, ?it/s]100%|##########| 2/2 [00:00<00:00, 41.50it/s]
04-11 09:44:36 Train-Loss Source Classifier: 0.0439
04-11 09:44:36 Train-Loss CORAL: 0.0767
04-11 09:44:36 Train-Acc Source Data: 1.0000
  0%|          | 0/5 [00:00<?, ?it/s]100%|##########| 5/5 [00:00<00:00, 160.77it/s]
04-11 09:44:36 Val-Acc Target Data: 0.8000
04-11 09:44:36 The best model epoch 17, val-acc 0.9125
04-11 09:44:36 -----Epoch 24/30-----
04-11 09:44:36 current lr: [0.0004]
  0%|          | 0/2 [00:00<?, ?it/s]100%|##########| 2/2 [00:00<00:00, 38.17it/s]
04-11 09:44:36 Train-Loss Source Classifier: 0.0321
04-11 09:44:36 Train-Loss CORAL: 0.0718
04-11 09:44:36 Train-Acc Source Data: 1.0000
  0%|          | 0/5 [00:00<?, ?it/s]100%|##########| 5/5 [00:00<00:00, 165.81it/s]
04-11 09:44:36 Val-Acc Target Data: 0.7969
04-11 09:44:36 The best model epoch 17, val-acc 0.9125
04-11 09:44:36 -----Epoch 25/30-----
04-11 09:44:36 current lr: [0.0004]
  0%|          | 0/2 [00:00<?, ?it/s]100%|##########| 2/2 [00:00<00:00, 41.83it/s]
04-11 09:44:36 Train-Loss Source Classifier: 0.0288
04-11 09:44:36 Train-Loss CORAL: 0.0670
04-11 09:44:36 Train-Acc Source Data: 1.0000
  0%|          | 0/5 [00:00<?, ?it/s]100%|##########| 5/5 [00:00<00:00, 159.66it/s]
04-11 09:44:36 Val-Acc Target Data: 0.7906
04-11 09:44:36 The best model epoch 17, val-acc 0.9125
04-11 09:44:36 -----Epoch 26/30-----
04-11 09:44:36 current lr: [0.0004]
  0%|          | 0/2 [00:00<?, ?it/s]100%|##########| 2/2 [00:00<00:00, 37.31it/s]
04-11 09:44:36 Train-Loss Source Classifier: 0.0293
04-11 09:44:36 Train-Loss CORAL: 0.0665
04-11 09:44:36 Train-Acc Source Data: 1.0000
  0%|          | 0/5 [00:00<?, ?it/s]100%|##########| 5/5 [00:00<00:00, 150.19it/s]
04-11 09:44:36 Val-Acc Target Data: 0.7875
04-11 09:44:36 The best model epoch 17, val-acc 0.9125
04-11 09:44:36 -----Epoch 27/30-----
04-11 09:44:36 current lr: [0.0004]
  0%|          | 0/2 [00:00<?, ?it/s]100%|##########| 2/2 [00:00<00:00, 40.05it/s]
04-11 09:44:36 Train-Loss Source Classifier: 0.0282
04-11 09:44:36 Train-Loss CORAL: 0.0677
04-11 09:44:36 Train-Acc Source Data: 1.0000
  0%|          | 0/5 [00:00<?, ?it/s]100%|##########| 5/5 [00:00<00:00, 162.01it/s]
04-11 09:44:36 Val-Acc Target Data: 0.7844
04-11 09:44:36 The best model epoch 17, val-acc 0.9125
04-11 09:44:36 -----Epoch 28/30-----
04-11 09:44:36 current lr: [0.0004]
  0%|          | 0/2 [00:00<?, ?it/s]100%|##########| 2/2 [00:00<00:00, 41.78it/s]
04-11 09:44:36 Train-Loss Source Classifier: 0.0374
04-11 09:44:36 Train-Loss CORAL: 0.0649
04-11 09:44:36 Train-Acc Source Data: 1.0000
  0%|          | 0/5 [00:00<?, ?it/s]100%|##########| 5/5 [00:00<00:00, 160.04it/s]
04-11 09:44:36 Val-Acc Target Data: 0.7875
04-11 09:44:36 The best model epoch 17, val-acc 0.9125
04-11 09:44:36 -----Epoch 29/30-----
04-11 09:44:36 current lr: [0.0004]
  0%|          | 0/2 [00:00<?, ?it/s]100%|##########| 2/2 [00:00<00:00, 38.82it/s]
04-11 09:44:37 Train-Loss Source Classifier: 0.0374
04-11 09:44:37 Train-Loss CORAL: 0.0700
04-11 09:44:37 Train-Acc Source Data: 1.0000
  0%|          | 0/5 [00:00<?, ?it/s]100%|##########| 5/5 [00:00<00:00, 145.09it/s]
04-11 09:44:37 Val-Acc Target Data: 0.7937
04-11 09:44:37 The best model epoch 17, val-acc 0.9125
04-11 09:44:37 -----Epoch 30/30-----
04-11 09:44:37 current lr: [0.0004]
  0%|          | 0/2 [00:00<?, ?it/s]100%|##########| 2/2 [00:00<00:00, 41.70it/s]
04-11 09:44:37 Train-Loss Source Classifier: 0.0301
04-11 09:44:37 Train-Loss CORAL: 0.0652
04-11 09:44:37 Train-Acc Source Data: 1.0000
  0%|          | 0/5 [00:00<?, ?it/s]100%|##########| 5/5 [00:00<00:00, 161.59it/s]
04-11 09:44:37 Val-Acc Target Data: 0.7906
04-11 09:44:37 The best model epoch 17, val-acc 0.9125
