04-14 09:42:19 imba: False
04-14 09:42:19 model_name: CORAL
04-14 09:42:19 Domain: CWRU
04-14 09:42:19 source: CWRU_0
04-14 09:42:19 target: CWRU_2
04-14 09:42:19 data_dir: ./datasets
04-14 09:42:19 train_mode: single_source
04-14 09:42:19 cuda_device: 0
04-14 09:42:19 save_dir: ./ckpt/CORAL/single_source
04-14 09:42:19 max_epoch: 100
04-14 09:42:19 batch_size: 64
04-14 09:42:19 num_workers: 0
04-14 09:42:19 signal_size: 2048
04-14 09:42:19 random_state: 75
04-14 09:42:19 normlizetype: mean-std
04-14 09:42:19 opt: sgd
04-14 09:42:19 lr: 0.001
04-14 09:42:19 momentum: 0.9
04-14 09:42:19 betas: (0.9, 0.999)
04-14 09:42:19 weight_decay: 0.0005
04-14 09:42:19 lr_scheduler: stepLR
04-14 09:42:19 gamma: 0.2
04-14 09:42:19 steps: 10
04-14 09:42:19 tradeoff: ['exp', 'exp', 'exp']
04-14 09:42:19 dropout: 0.0
04-14 09:42:19 save: False
04-14 09:42:19 load_path: 
04-14 09:42:19 tsne: False
04-14 09:42:19 save_path: ./ckpt/CORAL/single_source/[CWRU_0]To[CWRU_2]_0414-094219
04-14 09:42:19 Detect 4 classes: ['1normal', 'ball', 'inner', 'outer']
04-14 09:42:19 using 1 / 1 gpus
Loading source: CWRU, Condition: 0
Source Data Distribution:
+--------------+---------+
| Label        |   Count |
|--------------+---------|
| 0            |     177 |
| 1            |     177 |
| 2            |     177 |
| 3            |     177 |
| Dataset Size |     708 |
+--------------+---------+
Setting up target: CWRU, Condition: 2
04-14 09:42:22 Source set CWRU_0 number of samples 708.
Target Data Distribution:
+--------------+---------+-------+
|              |   train |   val |
|--------------+---------+-------|
| 0            |      87 |    87 |
| 1            |      87 |    87 |
| 2            |      87 |    87 |
| 3            |      87 |    87 |
| Dataset Size |     348 |   348 |
+--------------+---------+-------+
04-14 09:42:22 target training set number of samples 348.
04-14 09:42:22 target validation set number of samples 348.
04-14 09:42:22 -----Epoch 1/100-----
04-14 09:42:22 current lr: [0.001]
  0%|          | 0/5 [00:00<?, ?it/s] 60%|######    | 3/5 [00:00<00:00, 24.83it/s]100%|##########| 5/5 [00:00<00:00, 28.35it/s]
04-14 09:42:22 Train-Loss Source Classifier: 1.3852
04-14 09:42:22 Train-Loss CORAL: 0.0502
04-14 09:42:22 Train-Acc Source Data: 0.2437
  0%|          | 0/6 [00:00<?, ?it/s]100%|##########| 6/6 [00:00<00:00, 153.40it/s]
04-14 09:42:22 Val-Acc Target Data: 0.2266
04-14 09:42:22 The best model epoch 1, val-acc 0.2266
04-14 09:42:22 -----Epoch 2/100-----
04-14 09:42:22 current lr: [0.001]
  0%|          | 0/5 [00:00<?, ?it/s] 80%|########  | 4/5 [00:00<00:00, 36.73it/s]100%|##########| 5/5 [00:00<00:00, 35.42it/s]
04-14 09:42:23 Train-Loss Source Classifier: 1.2995
04-14 09:42:23 Train-Loss CORAL: 0.0468
04-14 09:42:23 Train-Acc Source Data: 0.5500
  0%|          | 0/6 [00:00<?, ?it/s]100%|##########| 6/6 [00:00<00:00, 158.41it/s]
04-14 09:42:23 Val-Acc Target Data: 0.2266
04-14 09:42:23 The best model epoch 2, val-acc 0.2266
04-14 09:42:23 -----Epoch 3/100-----
04-14 09:42:23 current lr: [0.001]
  0%|          | 0/5 [00:00<?, ?it/s] 80%|########  | 4/5 [00:00<00:00, 38.01it/s]100%|##########| 5/5 [00:00<00:00, 36.64it/s]
04-14 09:42:23 Train-Loss Source Classifier: 1.2084
04-14 09:42:23 Train-Loss CORAL: 0.0405
04-14 09:42:23 Train-Acc Source Data: 0.5750
  0%|          | 0/6 [00:00<?, ?it/s]100%|##########| 6/6 [00:00<00:00, 159.46it/s]
04-14 09:42:23 Val-Acc Target Data: 0.2422
04-14 09:42:23 The best model epoch 3, val-acc 0.2422
04-14 09:42:23 -----Epoch 4/100-----
04-14 09:42:23 current lr: [0.001]
  0%|          | 0/5 [00:00<?, ?it/s] 80%|########  | 4/5 [00:00<00:00, 35.34it/s]100%|##########| 5/5 [00:00<00:00, 36.66it/s]
04-14 09:42:23 Train-Loss Source Classifier: 1.1122
04-14 09:42:23 Train-Loss CORAL: 0.0516
04-14 09:42:23 Train-Acc Source Data: 0.6406
  0%|          | 0/6 [00:00<?, ?it/s]100%|##########| 6/6 [00:00<00:00, 163.22it/s]
04-14 09:42:23 Val-Acc Target Data: 0.3646
04-14 09:42:23 The best model epoch 4, val-acc 0.3646
04-14 09:42:23 -----Epoch 5/100-----
04-14 09:42:23 current lr: [0.001]
  0%|          | 0/5 [00:00<?, ?it/s] 80%|########  | 4/5 [00:00<00:00, 37.46it/s]100%|##########| 5/5 [00:00<00:00, 37.32it/s]
04-14 09:42:23 Train-Loss Source Classifier: 0.9842
04-14 09:42:23 Train-Loss CORAL: 0.0496
04-14 09:42:23 Train-Acc Source Data: 0.8281
  0%|          | 0/6 [00:00<?, ?it/s]100%|##########| 6/6 [00:00<00:00, 162.10it/s]
04-14 09:42:23 Val-Acc Target Data: 0.5919
04-14 09:42:23 The best model epoch 5, val-acc 0.5919
04-14 09:42:23 -----Epoch 6/100-----
04-14 09:42:23 current lr: [0.001]
  0%|          | 0/5 [00:00<?, ?it/s] 80%|########  | 4/5 [00:00<00:00, 38.32it/s]100%|##########| 5/5 [00:00<00:00, 37.49it/s]
04-14 09:42:23 Train-Loss Source Classifier: 0.8272
04-14 09:42:23 Train-Loss CORAL: 0.0516
04-14 09:42:23 Train-Acc Source Data: 0.8906
  0%|          | 0/6 [00:00<?, ?it/s]100%|##########| 6/6 [00:00<00:00, 156.96it/s]
04-14 09:42:23 Val-Acc Target Data: 0.6711
04-14 09:42:23 The best model epoch 6, val-acc 0.6711
04-14 09:42:23 -----Epoch 7/100-----
04-14 09:42:23 current lr: [0.001]
  0%|          | 0/5 [00:00<?, ?it/s] 80%|########  | 4/5 [00:00<00:00, 37.29it/s]100%|##########| 5/5 [00:00<00:00, 36.56it/s]
04-14 09:42:24 Train-Loss Source Classifier: 0.7153
04-14 09:42:24 Train-Loss CORAL: 0.0587
04-14 09:42:24 Train-Acc Source Data: 0.8938
  0%|          | 0/6 [00:00<?, ?it/s]100%|##########| 6/6 [00:00<00:00, 158.33it/s]
04-14 09:42:24 Val-Acc Target Data: 0.8728
04-14 09:42:24 The best model epoch 7, val-acc 0.8728
04-14 09:42:24 -----Epoch 8/100-----
04-14 09:42:24 current lr: [0.001]
  0%|          | 0/5 [00:00<?, ?it/s] 80%|########  | 4/5 [00:00<00:00, 38.70it/s]100%|##########| 5/5 [00:00<00:00, 38.49it/s]
04-14 09:42:24 Train-Loss Source Classifier: 0.5966
04-14 09:42:24 Train-Loss CORAL: 0.0476
04-14 09:42:24 Train-Acc Source Data: 0.9688
  0%|          | 0/6 [00:00<?, ?it/s]100%|##########| 6/6 [00:00<00:00, 165.75it/s]
04-14 09:42:24 Val-Acc Target Data: 0.8743
04-14 09:42:24 The best model epoch 8, val-acc 0.8743
04-14 09:42:24 -----Epoch 9/100-----
04-14 09:42:24 current lr: [0.001]
  0%|          | 0/5 [00:00<?, ?it/s] 80%|########  | 4/5 [00:00<00:00, 38.37it/s]100%|##########| 5/5 [00:00<00:00, 38.43it/s]
04-14 09:42:24 Train-Loss Source Classifier: 0.5215
04-14 09:42:24 Train-Loss CORAL: 0.0517
04-14 09:42:24 Train-Acc Source Data: 0.9375
  0%|          | 0/6 [00:00<?, ?it/s]100%|##########| 6/6 [00:00<00:00, 166.30it/s]
04-14 09:42:24 Val-Acc Target Data: 0.9107
04-14 09:42:24 The best model epoch 9, val-acc 0.9107
04-14 09:42:24 -----Epoch 10/100-----
04-14 09:42:24 current lr: [0.001]
  0%|          | 0/5 [00:00<?, ?it/s] 80%|########  | 4/5 [00:00<00:00, 38.79it/s]100%|##########| 5/5 [00:00<00:00, 37.98it/s]
04-14 09:42:24 Train-Loss Source Classifier: 0.4296
04-14 09:42:24 Train-Loss CORAL: 0.0592
04-14 09:42:24 Train-Acc Source Data: 0.9563
  0%|          | 0/6 [00:00<?, ?it/s]100%|##########| 6/6 [00:00<00:00, 167.16it/s]
04-14 09:42:24 Val-Acc Target Data: 0.9554
04-14 09:42:24 The best model epoch 10, val-acc 0.9554
04-14 09:42:24 -----Epoch 11/100-----
04-14 09:42:24 current lr: [0.0002]
  0%|          | 0/5 [00:00<?, ?it/s] 80%|########  | 4/5 [00:00<00:00, 38.78it/s]100%|##########| 5/5 [00:00<00:00, 38.85it/s]
04-14 09:42:24 Train-Loss Source Classifier: 0.3272
04-14 09:42:24 Train-Loss CORAL: 0.0658
04-14 09:42:24 Train-Acc Source Data: 0.9906
  0%|          | 0/6 [00:00<?, ?it/s]100%|##########| 6/6 [00:00<00:00, 166.52it/s]
04-14 09:42:24 Val-Acc Target Data: 0.9449
04-14 09:42:24 The best model epoch 10, val-acc 0.9554
04-14 09:42:24 -----Epoch 12/100-----
04-14 09:42:24 current lr: [0.0002]
  0%|          | 0/5 [00:00<?, ?it/s] 80%|########  | 4/5 [00:00<00:00, 39.88it/s]100%|##########| 5/5 [00:00<00:00, 38.46it/s]
04-14 09:42:24 Train-Loss Source Classifier: 0.3310
04-14 09:42:24 Train-Loss CORAL: 0.0714
04-14 09:42:24 Train-Acc Source Data: 0.9844
  0%|          | 0/6 [00:00<?, ?it/s]100%|##########| 6/6 [00:00<00:00, 166.41it/s]
04-14 09:42:24 Val-Acc Target Data: 0.9338
04-14 09:42:24 The best model epoch 10, val-acc 0.9554
04-14 09:42:24 -----Epoch 13/100-----
04-14 09:42:24 current lr: [0.0002]
  0%|          | 0/5 [00:00<?, ?it/s]100%|##########| 5/5 [00:00<00:00, 39.34it/s]100%|##########| 5/5 [00:00<00:00, 39.30it/s]
04-14 09:42:25 Train-Loss Source Classifier: 0.2964
04-14 09:42:25 Train-Loss CORAL: 0.0563
04-14 09:42:25 Train-Acc Source Data: 0.9969
  0%|          | 0/6 [00:00<?, ?it/s]100%|##########| 6/6 [00:00<00:00, 161.54it/s]
04-14 09:42:25 Val-Acc Target Data: 0.9163
04-14 09:42:25 The best model epoch 10, val-acc 0.9554
04-14 09:42:25 -----Epoch 14/100-----
04-14 09:42:25 current lr: [0.0002]
  0%|          | 0/5 [00:00<?, ?it/s]100%|##########| 5/5 [00:00<00:00, 39.56it/s]100%|##########| 5/5 [00:00<00:00, 39.53it/s]
04-14 09:42:25 Train-Loss Source Classifier: 0.2983
04-14 09:42:25 Train-Loss CORAL: 0.0777
04-14 09:42:25 Train-Acc Source Data: 0.9938
  0%|          | 0/6 [00:00<?, ?it/s]100%|##########| 6/6 [00:00<00:00, 163.13it/s]
04-14 09:42:25 Val-Acc Target Data: 0.9249
04-14 09:42:25 The best model epoch 10, val-acc 0.9554
04-14 09:42:25 -----Epoch 15/100-----
04-14 09:42:25 current lr: [0.0002]
  0%|          | 0/5 [00:00<?, ?it/s] 80%|########  | 4/5 [00:00<00:00, 39.40it/s]100%|##########| 5/5 [00:00<00:00, 38.65it/s]
04-14 09:42:25 Train-Loss Source Classifier: 0.2774
04-14 09:42:25 Train-Loss CORAL: 0.0581
04-14 09:42:25 Train-Acc Source Data: 0.9969
  0%|          | 0/6 [00:00<?, ?it/s]100%|##########| 6/6 [00:00<00:00, 160.17it/s]
04-14 09:42:25 Val-Acc Target Data: 0.9353
04-14 09:42:25 The best model epoch 10, val-acc 0.9554
04-14 09:42:25 -----Epoch 16/100-----
04-14 09:42:25 current lr: [0.0002]
  0%|          | 0/5 [00:00<?, ?it/s] 80%|########  | 4/5 [00:00<00:00, 39.63it/s]100%|##########| 5/5 [00:00<00:00, 39.14it/s]
04-14 09:42:25 Train-Loss Source Classifier: 0.2504
04-14 09:42:25 Train-Loss CORAL: 0.0608
04-14 09:42:25 Train-Acc Source Data: 1.0000
  0%|          | 0/6 [00:00<?, ?it/s]100%|##########| 6/6 [00:00<00:00, 162.70it/s]
04-14 09:42:25 Val-Acc Target Data: 0.9542
04-14 09:42:25 The best model epoch 10, val-acc 0.9554
04-14 09:42:25 -----Epoch 17/100-----
04-14 09:42:25 current lr: [0.0002]
  0%|          | 0/5 [00:00<?, ?it/s] 80%|########  | 4/5 [00:00<00:00, 39.10it/s]100%|##########| 5/5 [00:00<00:00, 37.86it/s]
04-14 09:42:25 Train-Loss Source Classifier: 0.2529
04-14 09:42:25 Train-Loss CORAL: 0.0708
04-14 09:42:25 Train-Acc Source Data: 1.0000
  0%|          | 0/6 [00:00<?, ?it/s]100%|##########| 6/6 [00:00<00:00, 166.46it/s]
04-14 09:42:25 Val-Acc Target Data: 0.9602
04-14 09:42:25 The best model epoch 17, val-acc 0.9602
04-14 09:42:25 -----Epoch 18/100-----
04-14 09:42:25 current lr: [0.0002]
  0%|          | 0/5 [00:00<?, ?it/s] 80%|########  | 4/5 [00:00<00:00, 39.15it/s]100%|##########| 5/5 [00:00<00:00, 38.08it/s]
04-14 09:42:26 Train-Loss Source Classifier: 0.2383
04-14 09:42:26 Train-Loss CORAL: 0.0645
04-14 09:42:26 Train-Acc Source Data: 1.0000
  0%|          | 0/6 [00:00<?, ?it/s]100%|##########| 6/6 [00:00<00:00, 156.89it/s]
04-14 09:42:26 Val-Acc Target Data: 0.9542
04-14 09:42:26 The best model epoch 17, val-acc 0.9602
04-14 09:42:26 -----Epoch 19/100-----
04-14 09:42:26 current lr: [0.0002]
  0%|          | 0/5 [00:00<?, ?it/s] 80%|########  | 4/5 [00:00<00:00, 38.72it/s]100%|##########| 5/5 [00:00<00:00, 38.15it/s]
04-14 09:42:26 Train-Loss Source Classifier: 0.2285
04-14 09:42:26 Train-Loss CORAL: 0.0714
04-14 09:42:26 Train-Acc Source Data: 1.0000
  0%|          | 0/6 [00:00<?, ?it/s]100%|##########| 6/6 [00:00<00:00, 160.20it/s]
04-14 09:42:26 Val-Acc Target Data: 0.9542
04-14 09:42:26 The best model epoch 17, val-acc 0.9602
04-14 09:42:26 -----Epoch 20/100-----
04-14 09:42:26 current lr: [0.0002]
  0%|          | 0/5 [00:00<?, ?it/s] 80%|########  | 4/5 [00:00<00:00, 39.31it/s]100%|##########| 5/5 [00:00<00:00, 37.89it/s]
04-14 09:42:26 Train-Loss Source Classifier: 0.1923
04-14 09:42:26 Train-Loss CORAL: 0.0578
04-14 09:42:26 Train-Acc Source Data: 1.0000
  0%|          | 0/6 [00:00<?, ?it/s]100%|##########| 6/6 [00:00<00:00, 157.56it/s]
04-14 09:42:26 Val-Acc Target Data: 0.9542
04-14 09:42:26 The best model epoch 17, val-acc 0.9602
04-14 09:42:26 -----Epoch 21/100-----
04-14 09:42:26 current lr: [4e-05]
  0%|          | 0/5 [00:00<?, ?it/s] 80%|########  | 4/5 [00:00<00:00, 37.07it/s]100%|##########| 5/5 [00:00<00:00, 36.79it/s]
04-14 09:42:26 Train-Loss Source Classifier: 0.2099
04-14 09:42:26 Train-Loss CORAL: 0.0736
04-14 09:42:26 Train-Acc Source Data: 1.0000
  0%|          | 0/6 [00:00<?, ?it/s]100%|##########| 6/6 [00:00<00:00, 166.97it/s]
04-14 09:42:26 Val-Acc Target Data: 0.9542
04-14 09:42:26 The best model epoch 17, val-acc 0.9602
04-14 09:42:26 -----Epoch 22/100-----
04-14 09:42:26 current lr: [4e-05]
  0%|          | 0/5 [00:00<?, ?it/s] 80%|########  | 4/5 [00:00<00:00, 39.42it/s]100%|##########| 5/5 [00:00<00:00, 38.45it/s]
04-14 09:42:26 Train-Loss Source Classifier: 0.1962
04-14 09:42:26 Train-Loss CORAL: 0.0729
04-14 09:42:26 Train-Acc Source Data: 1.0000
  0%|          | 0/6 [00:00<?, ?it/s]100%|##########| 6/6 [00:00<00:00, 161.97it/s]
04-14 09:42:26 Val-Acc Target Data: 0.9490
04-14 09:42:26 The best model epoch 17, val-acc 0.9602
04-14 09:42:26 -----Epoch 23/100-----
04-14 09:42:26 current lr: [4e-05]
  0%|          | 0/5 [00:00<?, ?it/s] 80%|########  | 4/5 [00:00<00:00, 37.85it/s]100%|##########| 5/5 [00:00<00:00, 37.43it/s]
04-14 09:42:26 Train-Loss Source Classifier: 0.2009
04-14 09:42:26 Train-Loss CORAL: 0.0659
04-14 09:42:26 Train-Acc Source Data: 1.0000
  0%|          | 0/6 [00:00<?, ?it/s]100%|##########| 6/6 [00:00<00:00, 155.16it/s]
04-14 09:42:26 Val-Acc Target Data: 0.9542
04-14 09:42:26 The best model epoch 17, val-acc 0.9602
04-14 09:42:26 -----Epoch 24/100-----
04-14 09:42:26 current lr: [4e-05]
  0%|          | 0/5 [00:00<?, ?it/s] 80%|########  | 4/5 [00:00<00:00, 38.54it/s]100%|##########| 5/5 [00:00<00:00, 37.97it/s]
04-14 09:42:27 Train-Loss Source Classifier: 0.2018
04-14 09:42:27 Train-Loss CORAL: 0.0666
04-14 09:42:27 Train-Acc Source Data: 1.0000
  0%|          | 0/6 [00:00<?, ?it/s]100%|##########| 6/6 [00:00<00:00, 157.45it/s]
04-14 09:42:27 Val-Acc Target Data: 0.9412
04-14 09:42:27 The best model epoch 17, val-acc 0.9602
04-14 09:42:27 -----Epoch 25/100-----
04-14 09:42:27 current lr: [4e-05]
  0%|          | 0/5 [00:00<?, ?it/s] 80%|########  | 4/5 [00:00<00:00, 38.30it/s]100%|##########| 5/5 [00:00<00:00, 37.75it/s]
04-14 09:42:27 Train-Loss Source Classifier: 0.1904
04-14 09:42:27 Train-Loss CORAL: 0.0639
04-14 09:42:27 Train-Acc Source Data: 1.0000
  0%|          | 0/6 [00:00<?, ?it/s]100%|##########| 6/6 [00:00<00:00, 164.33it/s]
04-14 09:42:27 Val-Acc Target Data: 0.9516
04-14 09:42:27 The best model epoch 17, val-acc 0.9602
04-14 09:42:27 -----Epoch 26/100-----
04-14 09:42:27 current lr: [4e-05]
  0%|          | 0/5 [00:00<?, ?it/s] 80%|########  | 4/5 [00:00<00:00, 38.05it/s]100%|##########| 5/5 [00:00<00:00, 37.47it/s]
04-14 09:42:27 Train-Loss Source Classifier: 0.1827
04-14 09:42:27 Train-Loss CORAL: 0.0679
04-14 09:42:27 Train-Acc Source Data: 1.0000
  0%|          | 0/6 [00:00<?, ?it/s]100%|##########| 6/6 [00:00<00:00, 155.89it/s]
04-14 09:42:27 Val-Acc Target Data: 0.9490
04-14 09:42:27 The best model epoch 17, val-acc 0.9602
04-14 09:42:27 -----Epoch 27/100-----
04-14 09:42:27 current lr: [4e-05]
  0%|          | 0/5 [00:00<?, ?it/s] 80%|########  | 4/5 [00:00<00:00, 37.23it/s]100%|##########| 5/5 [00:00<00:00, 36.82it/s]
04-14 09:42:27 Train-Loss Source Classifier: 0.2091
04-14 09:42:27 Train-Loss CORAL: 0.0703
04-14 09:42:27 Train-Acc Source Data: 1.0000
  0%|          | 0/6 [00:00<?, ?it/s]100%|##########| 6/6 [00:00<00:00, 158.83it/s]
04-14 09:42:27 Val-Acc Target Data: 0.9516
04-14 09:42:27 The best model epoch 17, val-acc 0.9602
04-14 09:42:27 -----Epoch 28/100-----
04-14 09:42:27 current lr: [4e-05]
  0%|          | 0/5 [00:00<?, ?it/s] 80%|########  | 4/5 [00:00<00:00, 39.81it/s]100%|##########| 5/5 [00:00<00:00, 39.03it/s]
04-14 09:42:27 Train-Loss Source Classifier: 0.1778
04-14 09:42:27 Train-Loss CORAL: 0.0585
04-14 09:42:27 Train-Acc Source Data: 1.0000
  0%|          | 0/6 [00:00<?, ?it/s]100%|##########| 6/6 [00:00<00:00, 162.14it/s]
04-14 09:42:27 Val-Acc Target Data: 0.9542
04-14 09:42:27 The best model epoch 17, val-acc 0.9602
04-14 09:42:27 -----Epoch 29/100-----
04-14 09:42:27 current lr: [4e-05]
  0%|          | 0/5 [00:00<?, ?it/s]100%|##########| 5/5 [00:00<00:00, 39.43it/s]100%|##########| 5/5 [00:00<00:00, 39.39it/s]
04-14 09:42:27 Train-Loss Source Classifier: 0.1777
04-14 09:42:27 Train-Loss CORAL: 0.0716
04-14 09:42:27 Train-Acc Source Data: 1.0000
  0%|          | 0/6 [00:00<?, ?it/s]100%|##########| 6/6 [00:00<00:00, 166.35it/s]
04-14 09:42:28 Val-Acc Target Data: 0.9542
04-14 09:42:28 The best model epoch 17, val-acc 0.9602
04-14 09:42:28 -----Epoch 30/100-----
04-14 09:42:28 current lr: [4e-05]
  0%|          | 0/5 [00:00<?, ?it/s] 80%|########  | 4/5 [00:00<00:00, 39.64it/s]100%|##########| 5/5 [00:00<00:00, 38.45it/s]
04-14 09:42:28 Train-Loss Source Classifier: 0.1871
04-14 09:42:28 Train-Loss CORAL: 0.0660
04-14 09:42:28 Train-Acc Source Data: 1.0000
  0%|          | 0/6 [00:00<?, ?it/s]100%|##########| 6/6 [00:00<00:00, 166.93it/s]
04-14 09:42:28 Val-Acc Target Data: 0.9542
04-14 09:42:28 The best model epoch 17, val-acc 0.9602
04-14 09:42:28 -----Epoch 31/100-----
04-14 09:42:28 current lr: [8.000000000000001e-06]
  0%|          | 0/5 [00:00<?, ?it/s] 80%|########  | 4/5 [00:00<00:00, 39.66it/s]100%|##########| 5/5 [00:00<00:00, 39.35it/s]
04-14 09:42:28 Train-Loss Source Classifier: 0.1916
04-14 09:42:28 Train-Loss CORAL: 0.0695
04-14 09:42:28 Train-Acc Source Data: 1.0000
  0%|          | 0/6 [00:00<?, ?it/s]100%|##########| 6/6 [00:00<00:00, 166.25it/s]
04-14 09:42:28 Val-Acc Target Data: 0.9542
04-14 09:42:28 The best model epoch 17, val-acc 0.9602
04-14 09:42:28 -----Epoch 32/100-----
04-14 09:42:28 current lr: [8.000000000000001e-06]
  0%|          | 0/5 [00:00<?, ?it/s]100%|##########| 5/5 [00:00<00:00, 39.70it/s]100%|##########| 5/5 [00:00<00:00, 39.66it/s]
04-14 09:42:28 Train-Loss Source Classifier: 0.1921
04-14 09:42:28 Train-Loss CORAL: 0.0666
04-14 09:42:28 Train-Acc Source Data: 1.0000
  0%|          | 0/6 [00:00<?, ?it/s]100%|##########| 6/6 [00:00<00:00, 166.53it/s]
04-14 09:42:28 Val-Acc Target Data: 0.9542
04-14 09:42:28 The best model epoch 17, val-acc 0.9602
04-14 09:42:28 -----Epoch 33/100-----
04-14 09:42:28 current lr: [8.000000000000001e-06]
  0%|          | 0/5 [00:00<?, ?it/s] 80%|########  | 4/5 [00:00<00:00, 39.60it/s]100%|##########| 5/5 [00:00<00:00, 39.04it/s]
04-14 09:42:28 Train-Loss Source Classifier: 0.1773
04-14 09:42:28 Train-Loss CORAL: 0.0788
04-14 09:42:28 Train-Acc Source Data: 1.0000
  0%|          | 0/6 [00:00<?, ?it/s]100%|##########| 6/6 [00:00<00:00, 163.81it/s]
04-14 09:42:28 Val-Acc Target Data: 0.9542
04-14 09:42:28 The best model epoch 17, val-acc 0.9602
04-14 09:42:28 -----Epoch 34/100-----
04-14 09:42:28 current lr: [8.000000000000001e-06]
  0%|          | 0/5 [00:00<?, ?it/s] 80%|########  | 4/5 [00:00<00:00, 38.89it/s]100%|##########| 5/5 [00:00<00:00, 37.99it/s]
04-14 09:42:28 Train-Loss Source Classifier: 0.1794
04-14 09:42:28 Train-Loss CORAL: 0.0545
04-14 09:42:28 Train-Acc Source Data: 1.0000
  0%|          | 0/6 [00:00<?, ?it/s]100%|##########| 6/6 [00:00<00:00, 158.71it/s]
04-14 09:42:28 Val-Acc Target Data: 0.9542
04-14 09:42:28 The best model epoch 17, val-acc 0.9602
04-14 09:42:28 -----Epoch 35/100-----
04-14 09:42:28 current lr: [8.000000000000001e-06]
  0%|          | 0/5 [00:00<?, ?it/s]100%|##########| 5/5 [00:00<00:00, 39.22it/s]100%|##########| 5/5 [00:00<00:00, 39.19it/s]
04-14 09:42:29 Train-Loss Source Classifier: 0.1773
04-14 09:42:29 Train-Loss CORAL: 0.0857
04-14 09:42:29 Train-Acc Source Data: 1.0000
  0%|          | 0/6 [00:00<?, ?it/s]100%|##########| 6/6 [00:00<00:00, 167.25it/s]
04-14 09:42:29 Val-Acc Target Data: 0.9542
04-14 09:42:29 The best model epoch 17, val-acc 0.9602
04-14 09:42:29 -----Epoch 36/100-----
04-14 09:42:29 current lr: [8.000000000000001e-06]
  0%|          | 0/5 [00:00<?, ?it/s] 80%|########  | 4/5 [00:00<00:00, 38.70it/s]100%|##########| 5/5 [00:00<00:00, 38.06it/s]
04-14 09:42:29 Train-Loss Source Classifier: 0.1803
04-14 09:42:29 Train-Loss CORAL: 0.0649
04-14 09:42:29 Train-Acc Source Data: 1.0000
  0%|          | 0/6 [00:00<?, ?it/s]100%|##########| 6/6 [00:00<00:00, 161.95it/s]
04-14 09:42:29 Val-Acc Target Data: 0.9542
04-14 09:42:29 The best model epoch 17, val-acc 0.9602
04-14 09:42:29 -----Epoch 37/100-----
04-14 09:42:29 current lr: [8.000000000000001e-06]
  0%|          | 0/5 [00:00<?, ?it/s] 80%|########  | 4/5 [00:00<00:00, 39.58it/s]100%|##########| 5/5 [00:00<00:00, 39.14it/s]
04-14 09:42:29 Train-Loss Source Classifier: 0.1940
04-14 09:42:29 Train-Loss CORAL: 0.0724
04-14 09:42:29 Train-Acc Source Data: 1.0000
  0%|          | 0/6 [00:00<?, ?it/s]100%|##########| 6/6 [00:00<00:00, 163.28it/s]
04-14 09:42:29 Val-Acc Target Data: 0.9542
04-14 09:42:29 The best model epoch 17, val-acc 0.9602
04-14 09:42:29 -----Epoch 38/100-----
04-14 09:42:29 current lr: [8.000000000000001e-06]
  0%|          | 0/5 [00:00<?, ?it/s]100%|##########| 5/5 [00:00<00:00, 39.24it/s]100%|##########| 5/5 [00:00<00:00, 39.19it/s]
04-14 09:42:29 Train-Loss Source Classifier: 0.1764
04-14 09:42:29 Train-Loss CORAL: 0.0570
04-14 09:42:29 Train-Acc Source Data: 1.0000
  0%|          | 0/6 [00:00<?, ?it/s]100%|##########| 6/6 [00:00<00:00, 166.61it/s]
04-14 09:42:29 Val-Acc Target Data: 0.9542
04-14 09:42:29 The best model epoch 17, val-acc 0.9602
04-14 09:42:29 -----Epoch 39/100-----
04-14 09:42:29 current lr: [8.000000000000001e-06]
  0%|          | 0/5 [00:00<?, ?it/s] 80%|########  | 4/5 [00:00<00:00, 39.07it/s]100%|##########| 5/5 [00:00<00:00, 36.92it/s]
04-14 09:42:29 Train-Loss Source Classifier: 0.1894
04-14 09:42:29 Train-Loss CORAL: 0.0704
04-14 09:42:29 Train-Acc Source Data: 1.0000
  0%|          | 0/6 [00:00<?, ?it/s]100%|##########| 6/6 [00:00<00:00, 152.50it/s]
04-14 09:42:29 Val-Acc Target Data: 0.9542
04-14 09:42:29 The best model epoch 17, val-acc 0.9602
04-14 09:42:29 -----Epoch 40/100-----
04-14 09:42:29 current lr: [8.000000000000001e-06]
  0%|          | 0/5 [00:00<?, ?it/s] 80%|########  | 4/5 [00:00<00:00, 37.36it/s]100%|##########| 5/5 [00:00<00:00, 37.39it/s]
04-14 09:42:29 Train-Loss Source Classifier: 0.1693
04-14 09:42:29 Train-Loss CORAL: 0.0585
04-14 09:42:29 Train-Acc Source Data: 1.0000
  0%|          | 0/6 [00:00<?, ?it/s]100%|##########| 6/6 [00:00<00:00, 168.46it/s]
04-14 09:42:29 Val-Acc Target Data: 0.9542
04-14 09:42:29 The best model epoch 17, val-acc 0.9602
04-14 09:42:29 -----Epoch 41/100-----
04-14 09:42:29 current lr: [1.6000000000000004e-06]
  0%|          | 0/5 [00:00<?, ?it/s] 80%|########  | 4/5 [00:00<00:00, 37.96it/s]100%|##########| 5/5 [00:00<00:00, 37.37it/s]
04-14 09:42:30 Train-Loss Source Classifier: 0.1802
04-14 09:42:30 Train-Loss CORAL: 0.0707
04-14 09:42:30 Train-Acc Source Data: 1.0000
  0%|          | 0/6 [00:00<?, ?it/s]100%|##########| 6/6 [00:00<00:00, 153.70it/s]
04-14 09:42:30 Val-Acc Target Data: 0.9542
04-14 09:42:30 The best model epoch 17, val-acc 0.9602
04-14 09:42:30 -----Epoch 42/100-----
04-14 09:42:30 current lr: [1.6000000000000004e-06]
  0%|          | 0/5 [00:00<?, ?it/s] 80%|########  | 4/5 [00:00<00:00, 38.10it/s]100%|##########| 5/5 [00:00<00:00, 37.64it/s]
04-14 09:42:30 Train-Loss Source Classifier: 0.1835
04-14 09:42:30 Train-Loss CORAL: 0.0628
04-14 09:42:30 Train-Acc Source Data: 1.0000
  0%|          | 0/6 [00:00<?, ?it/s]100%|##########| 6/6 [00:00<00:00, 162.56it/s]
04-14 09:42:30 Val-Acc Target Data: 0.9542
04-14 09:42:30 The best model epoch 17, val-acc 0.9602
04-14 09:42:30 -----Epoch 43/100-----
04-14 09:42:30 current lr: [1.6000000000000004e-06]
  0%|          | 0/5 [00:00<?, ?it/s] 80%|########  | 4/5 [00:00<00:00, 38.48it/s]100%|##########| 5/5 [00:00<00:00, 38.23it/s]
04-14 09:42:30 Train-Loss Source Classifier: 0.1795
04-14 09:42:30 Train-Loss CORAL: 0.0668
04-14 09:42:30 Train-Acc Source Data: 1.0000
  0%|          | 0/6 [00:00<?, ?it/s]100%|##########| 6/6 [00:00<00:00, 158.58it/s]
04-14 09:42:30 Val-Acc Target Data: 0.9542
04-14 09:42:30 The best model epoch 17, val-acc 0.9602
04-14 09:42:30 -----Epoch 44/100-----
04-14 09:42:30 current lr: [1.6000000000000004e-06]
  0%|          | 0/5 [00:00<?, ?it/s] 80%|########  | 4/5 [00:00<00:00, 38.65it/s]100%|##########| 5/5 [00:00<00:00, 38.09it/s]
04-14 09:42:30 Train-Loss Source Classifier: 0.1850
04-14 09:42:30 Train-Loss CORAL: 0.0786
04-14 09:42:30 Train-Acc Source Data: 1.0000
  0%|          | 0/6 [00:00<?, ?it/s]100%|##########| 6/6 [00:00<00:00, 153.66it/s]
04-14 09:42:30 Val-Acc Target Data: 0.9542
04-14 09:42:30 The best model epoch 17, val-acc 0.9602
04-14 09:42:30 -----Epoch 45/100-----
04-14 09:42:30 current lr: [1.6000000000000004e-06]
  0%|          | 0/5 [00:00<?, ?it/s] 80%|########  | 4/5 [00:00<00:00, 38.44it/s]100%|##########| 5/5 [00:00<00:00, 37.84it/s]
04-14 09:42:30 Train-Loss Source Classifier: 0.1736
04-14 09:42:30 Train-Loss CORAL: 0.0642
04-14 09:42:30 Train-Acc Source Data: 1.0000
  0%|          | 0/6 [00:00<?, ?it/s]100%|##########| 6/6 [00:00<00:00, 167.10it/s]
04-14 09:42:30 Val-Acc Target Data: 0.9542
04-14 09:42:30 The best model epoch 17, val-acc 0.9602
04-14 09:42:30 -----Epoch 46/100-----
04-14 09:42:30 current lr: [1.6000000000000004e-06]
  0%|          | 0/5 [00:00<?, ?it/s] 80%|########  | 4/5 [00:00<00:00, 39.06it/s]100%|##########| 5/5 [00:00<00:00, 38.16it/s]
04-14 09:42:31 Train-Loss Source Classifier: 0.1816
04-14 09:42:31 Train-Loss CORAL: 0.0637
04-14 09:42:31 Train-Acc Source Data: 0.9969
  0%|          | 0/6 [00:00<?, ?it/s]100%|##########| 6/6 [00:00<00:00, 167.04it/s]
04-14 09:42:31 Val-Acc Target Data: 0.9542
04-14 09:42:31 The best model epoch 17, val-acc 0.9602
04-14 09:42:31 -----Epoch 47/100-----
04-14 09:42:31 current lr: [1.6000000000000004e-06]
  0%|          | 0/5 [00:00<?, ?it/s] 80%|########  | 4/5 [00:00<00:00, 37.69it/s]100%|##########| 5/5 [00:00<00:00, 37.98it/s]
04-14 09:42:31 Train-Loss Source Classifier: 0.1816
04-14 09:42:31 Train-Loss CORAL: 0.0707
04-14 09:42:31 Train-Acc Source Data: 1.0000
  0%|          | 0/6 [00:00<?, ?it/s]100%|##########| 6/6 [00:00<00:00, 166.34it/s]
04-14 09:42:31 Val-Acc Target Data: 0.9542
04-14 09:42:31 The best model epoch 17, val-acc 0.9602
04-14 09:42:31 -----Epoch 48/100-----
04-14 09:42:31 current lr: [1.6000000000000004e-06]
  0%|          | 0/5 [00:00<?, ?it/s] 80%|########  | 4/5 [00:00<00:00, 38.47it/s]100%|##########| 5/5 [00:00<00:00, 38.05it/s]
04-14 09:42:31 Train-Loss Source Classifier: 0.1823
04-14 09:42:31 Train-Loss CORAL: 0.0651
04-14 09:42:31 Train-Acc Source Data: 1.0000
  0%|          | 0/6 [00:00<?, ?it/s]100%|##########| 6/6 [00:00<00:00, 163.18it/s]
04-14 09:42:31 Val-Acc Target Data: 0.9542
04-14 09:42:31 The best model epoch 17, val-acc 0.9602
04-14 09:42:31 -----Epoch 49/100-----
04-14 09:42:31 current lr: [1.6000000000000004e-06]
  0%|          | 0/5 [00:00<?, ?it/s] 80%|########  | 4/5 [00:00<00:00, 39.50it/s]100%|##########| 5/5 [00:00<00:00, 38.17it/s]
04-14 09:42:31 Train-Loss Source Classifier: 0.1666
04-14 09:42:31 Train-Loss CORAL: 0.0620
04-14 09:42:31 Train-Acc Source Data: 0.9969
  0%|          | 0/6 [00:00<?, ?it/s]100%|##########| 6/6 [00:00<00:00, 161.35it/s]
04-14 09:42:31 Val-Acc Target Data: 0.9542
04-14 09:42:31 The best model epoch 17, val-acc 0.9602
04-14 09:42:31 -----Epoch 50/100-----
04-14 09:42:31 current lr: [1.6000000000000004e-06]
  0%|          | 0/5 [00:00<?, ?it/s] 80%|########  | 4/5 [00:00<00:00, 39.09it/s]100%|##########| 5/5 [00:00<00:00, 38.13it/s]
04-14 09:42:31 Train-Loss Source Classifier: 0.1788
04-14 09:42:31 Train-Loss CORAL: 0.0679
04-14 09:42:31 Train-Acc Source Data: 0.9969
  0%|          | 0/6 [00:00<?, ?it/s]100%|##########| 6/6 [00:00<00:00, 166.44it/s]
04-14 09:42:31 Val-Acc Target Data: 0.9542
04-14 09:42:31 The best model epoch 17, val-acc 0.9602
04-14 09:42:31 -----Epoch 51/100-----
04-14 09:42:31 current lr: [3.200000000000001e-07]
  0%|          | 0/5 [00:00<?, ?it/s] 80%|########  | 4/5 [00:00<00:00, 38.83it/s]100%|##########| 5/5 [00:00<00:00, 38.26it/s]
04-14 09:42:31 Train-Loss Source Classifier: 0.1847
04-14 09:42:31 Train-Loss CORAL: 0.0717
04-14 09:42:31 Train-Acc Source Data: 1.0000
  0%|          | 0/6 [00:00<?, ?it/s]100%|##########| 6/6 [00:00<00:00, 162.86it/s]
04-14 09:42:31 Val-Acc Target Data: 0.9516
04-14 09:42:31 The best model epoch 17, val-acc 0.9602
04-14 09:42:31 -----Epoch 52/100-----
04-14 09:42:31 current lr: [3.200000000000001e-07]
  0%|          | 0/5 [00:00<?, ?it/s] 80%|########  | 4/5 [00:00<00:00, 39.43it/s]100%|##########| 5/5 [00:00<00:00, 38.47it/s]
04-14 09:42:32 Train-Loss Source Classifier: 0.1701
04-14 09:42:32 Train-Loss CORAL: 0.0580
04-14 09:42:32 Train-Acc Source Data: 1.0000
  0%|          | 0/6 [00:00<?, ?it/s]100%|##########| 6/6 [00:00<00:00, 163.75it/s]
04-14 09:42:32 Val-Acc Target Data: 0.9542
04-14 09:42:32 The best model epoch 17, val-acc 0.9602
04-14 09:42:32 -----Epoch 53/100-----
04-14 09:42:32 current lr: [3.200000000000001e-07]
  0%|          | 0/5 [00:00<?, ?it/s] 80%|########  | 4/5 [00:00<00:00, 38.56it/s]100%|##########| 5/5 [00:00<00:00, 38.26it/s]
04-14 09:42:32 Train-Loss Source Classifier: 0.1820
04-14 09:42:32 Train-Loss CORAL: 0.0706
04-14 09:42:32 Train-Acc Source Data: 1.0000
  0%|          | 0/6 [00:00<?, ?it/s]100%|##########| 6/6 [00:00<00:00, 166.22it/s]
04-14 09:42:32 Val-Acc Target Data: 0.9542
04-14 09:42:32 The best model epoch 17, val-acc 0.9602
04-14 09:42:32 -----Epoch 54/100-----
04-14 09:42:32 current lr: [3.200000000000001e-07]
  0%|          | 0/5 [00:00<?, ?it/s] 80%|########  | 4/5 [00:00<00:00, 39.21it/s]100%|##########| 5/5 [00:00<00:00, 38.69it/s]
04-14 09:42:32 Train-Loss Source Classifier: 0.1805
04-14 09:42:32 Train-Loss CORAL: 0.0653
04-14 09:42:32 Train-Acc Source Data: 1.0000
  0%|          | 0/6 [00:00<?, ?it/s]100%|##########| 6/6 [00:00<00:00, 166.80it/s]
04-14 09:42:32 Val-Acc Target Data: 0.9542
04-14 09:42:32 The best model epoch 17, val-acc 0.9602
04-14 09:42:32 -----Epoch 55/100-----
04-14 09:42:32 current lr: [3.200000000000001e-07]
  0%|          | 0/5 [00:00<?, ?it/s] 80%|########  | 4/5 [00:00<00:00, 38.19it/s]100%|##########| 5/5 [00:00<00:00, 37.36it/s]
04-14 09:42:32 Train-Loss Source Classifier: 0.1767
04-14 09:42:32 Train-Loss CORAL: 0.0771
04-14 09:42:32 Train-Acc Source Data: 1.0000
  0%|          | 0/6 [00:00<?, ?it/s]100%|##########| 6/6 [00:00<00:00, 156.91it/s]
04-14 09:42:32 Val-Acc Target Data: 0.9542
04-14 09:42:32 The best model epoch 17, val-acc 0.9602
04-14 09:42:32 -----Epoch 56/100-----
04-14 09:42:32 current lr: [3.200000000000001e-07]
  0%|          | 0/5 [00:00<?, ?it/s] 80%|########  | 4/5 [00:00<00:00, 37.10it/s]100%|##########| 5/5 [00:00<00:00, 36.57it/s]
04-14 09:42:32 Train-Loss Source Classifier: 0.1800
04-14 09:42:32 Train-Loss CORAL: 0.0714
04-14 09:42:32 Train-Acc Source Data: 1.0000
  0%|          | 0/6 [00:00<?, ?it/s]100%|##########| 6/6 [00:00<00:00, 158.18it/s]
04-14 09:42:32 Val-Acc Target Data: 0.9542
04-14 09:42:32 The best model epoch 17, val-acc 0.9602
04-14 09:42:32 -----Epoch 57/100-----
04-14 09:42:32 current lr: [3.200000000000001e-07]
  0%|          | 0/5 [00:00<?, ?it/s] 80%|########  | 4/5 [00:00<00:00, 39.17it/s]100%|##########| 5/5 [00:00<00:00, 38.27it/s]
04-14 09:42:32 Train-Loss Source Classifier: 0.1695
04-14 09:42:32 Train-Loss CORAL: 0.0665
04-14 09:42:32 Train-Acc Source Data: 1.0000
  0%|          | 0/6 [00:00<?, ?it/s]100%|##########| 6/6 [00:00<00:00, 163.80it/s]
04-14 09:42:33 Val-Acc Target Data: 0.9542
04-14 09:42:33 The best model epoch 17, val-acc 0.9602
04-14 09:42:33 -----Epoch 58/100-----
04-14 09:42:33 current lr: [3.200000000000001e-07]
  0%|          | 0/5 [00:00<?, ?it/s] 80%|########  | 4/5 [00:00<00:00, 38.05it/s]100%|##########| 5/5 [00:00<00:00, 37.19it/s]
04-14 09:42:33 Train-Loss Source Classifier: 0.1929
04-14 09:42:33 Train-Loss CORAL: 0.0609
04-14 09:42:33 Train-Acc Source Data: 1.0000
  0%|          | 0/6 [00:00<?, ?it/s]100%|##########| 6/6 [00:00<00:00, 164.53it/s]
04-14 09:42:33 Val-Acc Target Data: 0.9542
04-14 09:42:33 The best model epoch 17, val-acc 0.9602
04-14 09:42:33 -----Epoch 59/100-----
04-14 09:42:33 current lr: [3.200000000000001e-07]
  0%|          | 0/5 [00:00<?, ?it/s] 80%|########  | 4/5 [00:00<00:00, 38.75it/s]100%|##########| 5/5 [00:00<00:00, 38.04it/s]
04-14 09:42:33 Train-Loss Source Classifier: 0.1703
04-14 09:42:33 Train-Loss CORAL: 0.0731
04-14 09:42:33 Train-Acc Source Data: 1.0000
  0%|          | 0/6 [00:00<?, ?it/s]100%|##########| 6/6 [00:00<00:00, 168.33it/s]
04-14 09:42:33 Val-Acc Target Data: 0.9542
04-14 09:42:33 The best model epoch 17, val-acc 0.9602
04-14 09:42:33 -----Epoch 60/100-----
04-14 09:42:33 current lr: [3.200000000000001e-07]
  0%|          | 0/5 [00:00<?, ?it/s]100%|##########| 5/5 [00:00<00:00, 39.17it/s]100%|##########| 5/5 [00:00<00:00, 39.14it/s]
04-14 09:42:33 Train-Loss Source Classifier: 0.1771
04-14 09:42:33 Train-Loss CORAL: 0.0778
04-14 09:42:33 Train-Acc Source Data: 1.0000
  0%|          | 0/6 [00:00<?, ?it/s]100%|##########| 6/6 [00:00<00:00, 168.23it/s]
04-14 09:42:33 Val-Acc Target Data: 0.9542
04-14 09:42:33 The best model epoch 17, val-acc 0.9602
04-14 09:42:33 -----Epoch 61/100-----
04-14 09:42:33 current lr: [6.400000000000003e-08]
  0%|          | 0/5 [00:00<?, ?it/s] 80%|########  | 4/5 [00:00<00:00, 39.50it/s]100%|##########| 5/5 [00:00<00:00, 38.65it/s]
04-14 09:42:33 Train-Loss Source Classifier: 0.1801
04-14 09:42:33 Train-Loss CORAL: 0.0633
04-14 09:42:33 Train-Acc Source Data: 0.9969
  0%|          | 0/6 [00:00<?, ?it/s]100%|##########| 6/6 [00:00<00:00, 167.67it/s]
04-14 09:42:33 Val-Acc Target Data: 0.9542
04-14 09:42:33 The best model epoch 17, val-acc 0.9602
04-14 09:42:33 -----Epoch 62/100-----
04-14 09:42:33 current lr: [6.400000000000003e-08]
  0%|          | 0/5 [00:00<?, ?it/s] 80%|########  | 4/5 [00:00<00:00, 38.23it/s]100%|##########| 5/5 [00:00<00:00, 37.96it/s]
04-14 09:42:33 Train-Loss Source Classifier: 0.1792
04-14 09:42:33 Train-Loss CORAL: 0.0664
04-14 09:42:33 Train-Acc Source Data: 1.0000
  0%|          | 0/6 [00:00<?, ?it/s]100%|##########| 6/6 [00:00<00:00, 148.59it/s]
04-14 09:42:33 Val-Acc Target Data: 0.9542
04-14 09:42:33 The best model epoch 17, val-acc 0.9602
04-14 09:42:33 -----Epoch 63/100-----
04-14 09:42:33 current lr: [6.400000000000003e-08]
  0%|          | 0/5 [00:00<?, ?it/s] 80%|########  | 4/5 [00:00<00:00, 39.43it/s]100%|##########| 5/5 [00:00<00:00, 38.62it/s]
04-14 09:42:34 Train-Loss Source Classifier: 0.1743
04-14 09:42:34 Train-Loss CORAL: 0.0689
04-14 09:42:34 Train-Acc Source Data: 1.0000
  0%|          | 0/6 [00:00<?, ?it/s]100%|##########| 6/6 [00:00<00:00, 163.84it/s]
04-14 09:42:34 Val-Acc Target Data: 0.9542
04-14 09:42:34 The best model epoch 17, val-acc 0.9602
04-14 09:42:34 -----Epoch 64/100-----
04-14 09:42:34 current lr: [6.400000000000003e-08]
  0%|          | 0/5 [00:00<?, ?it/s] 80%|########  | 4/5 [00:00<00:00, 37.52it/s]100%|##########| 5/5 [00:00<00:00, 37.41it/s]
04-14 09:42:34 Train-Loss Source Classifier: 0.1794
04-14 09:42:34 Train-Loss CORAL: 0.0686
04-14 09:42:34 Train-Acc Source Data: 1.0000
  0%|          | 0/6 [00:00<?, ?it/s]100%|##########| 6/6 [00:00<00:00, 155.04it/s]
04-14 09:42:34 Val-Acc Target Data: 0.9542
04-14 09:42:34 The best model epoch 17, val-acc 0.9602
04-14 09:42:34 -----Epoch 65/100-----
04-14 09:42:34 current lr: [6.400000000000003e-08]
  0%|          | 0/5 [00:00<?, ?it/s] 80%|########  | 4/5 [00:00<00:00, 37.19it/s]100%|##########| 5/5 [00:00<00:00, 37.44it/s]
04-14 09:42:34 Train-Loss Source Classifier: 0.1776
04-14 09:42:34 Train-Loss CORAL: 0.0600
04-14 09:42:34 Train-Acc Source Data: 1.0000
  0%|          | 0/6 [00:00<?, ?it/s]100%|##########| 6/6 [00:00<00:00, 163.88it/s]
04-14 09:42:34 Val-Acc Target Data: 0.9542
04-14 09:42:34 The best model epoch 17, val-acc 0.9602
04-14 09:42:34 -----Epoch 66/100-----
04-14 09:42:34 current lr: [6.400000000000003e-08]
  0%|          | 0/5 [00:00<?, ?it/s] 80%|########  | 4/5 [00:00<00:00, 37.72it/s]100%|##########| 5/5 [00:00<00:00, 37.28it/s]
04-14 09:42:34 Train-Loss Source Classifier: 0.1882
04-14 09:42:34 Train-Loss CORAL: 0.0578
04-14 09:42:34 Train-Acc Source Data: 0.9969
  0%|          | 0/6 [00:00<?, ?it/s]100%|##########| 6/6 [00:00<00:00, 163.73it/s]
04-14 09:42:34 Val-Acc Target Data: 0.9542
04-14 09:42:34 The best model epoch 17, val-acc 0.9602
04-14 09:42:34 -----Epoch 67/100-----
04-14 09:42:34 current lr: [6.400000000000003e-08]
  0%|          | 0/5 [00:00<?, ?it/s] 80%|########  | 4/5 [00:00<00:00, 38.92it/s]100%|##########| 5/5 [00:00<00:00, 38.53it/s]
04-14 09:42:34 Train-Loss Source Classifier: 0.1803
04-14 09:42:34 Train-Loss CORAL: 0.0630
04-14 09:42:34 Train-Acc Source Data: 1.0000
  0%|          | 0/6 [00:00<?, ?it/s]100%|##########| 6/6 [00:00<00:00, 161.89it/s]
04-14 09:42:34 Val-Acc Target Data: 0.9542
04-14 09:42:34 The best model epoch 17, val-acc 0.9602
04-14 09:42:34 -----Epoch 68/100-----
04-14 09:42:34 current lr: [6.400000000000003e-08]
  0%|          | 0/5 [00:00<?, ?it/s] 80%|########  | 4/5 [00:00<00:00, 38.94it/s]100%|##########| 5/5 [00:00<00:00, 38.33it/s]
04-14 09:42:34 Train-Loss Source Classifier: 0.1751
04-14 09:42:34 Train-Loss CORAL: 0.0637
04-14 09:42:34 Train-Acc Source Data: 1.0000
  0%|          | 0/6 [00:00<?, ?it/s]100%|##########| 6/6 [00:00<00:00, 160.75it/s]
04-14 09:42:34 Val-Acc Target Data: 0.9542
04-14 09:42:34 The best model epoch 17, val-acc 0.9602
04-14 09:42:34 -----Epoch 69/100-----
04-14 09:42:34 current lr: [6.400000000000003e-08]
  0%|          | 0/5 [00:00<?, ?it/s] 80%|########  | 4/5 [00:00<00:00, 35.58it/s]100%|##########| 5/5 [00:00<00:00, 35.52it/s]
04-14 09:42:35 Train-Loss Source Classifier: 0.1697
04-14 09:42:35 Train-Loss CORAL: 0.0746
04-14 09:42:35 Train-Acc Source Data: 1.0000
  0%|          | 0/6 [00:00<?, ?it/s]100%|##########| 6/6 [00:00<00:00, 165.62it/s]
04-14 09:42:35 Val-Acc Target Data: 0.9542
04-14 09:42:35 The best model epoch 17, val-acc 0.9602
04-14 09:42:35 -----Epoch 70/100-----
04-14 09:42:35 current lr: [6.400000000000003e-08]
  0%|          | 0/5 [00:00<?, ?it/s] 80%|########  | 4/5 [00:00<00:00, 38.84it/s]100%|##########| 5/5 [00:00<00:00, 38.34it/s]
04-14 09:42:35 Train-Loss Source Classifier: 0.1875
04-14 09:42:35 Train-Loss CORAL: 0.0585
04-14 09:42:35 Train-Acc Source Data: 0.9969
  0%|          | 0/6 [00:00<?, ?it/s]100%|##########| 6/6 [00:00<00:00, 164.65it/s]
04-14 09:42:35 Val-Acc Target Data: 0.9542
04-14 09:42:35 The best model epoch 17, val-acc 0.9602
04-14 09:42:35 -----Epoch 71/100-----
04-14 09:42:35 current lr: [1.2800000000000007e-08]
  0%|          | 0/5 [00:00<?, ?it/s] 80%|########  | 4/5 [00:00<00:00, 37.80it/s]100%|##########| 5/5 [00:00<00:00, 37.36it/s]
04-14 09:42:35 Train-Loss Source Classifier: 0.1795
04-14 09:42:35 Train-Loss CORAL: 0.0644
04-14 09:42:35 Train-Acc Source Data: 1.0000
  0%|          | 0/6 [00:00<?, ?it/s]100%|##########| 6/6 [00:00<00:00, 163.31it/s]
04-14 09:42:35 Val-Acc Target Data: 0.9542
04-14 09:42:35 The best model epoch 17, val-acc 0.9602
04-14 09:42:35 -----Epoch 72/100-----
04-14 09:42:35 current lr: [1.2800000000000007e-08]
