04-14 10:31:18 imba: True
04-14 10:31:18 model_name: CORAL
04-14 10:31:18 Domain: JNU_imba
04-14 10:31:18 source: JNU_2
04-14 10:31:18 target: JNU_0
04-14 10:31:18 data_dir: ./datasets
04-14 10:31:18 train_mode: single_source
04-14 10:31:18 cuda_device: 0
04-14 10:31:18 save_dir: ./ckpt/CORAL/single_source
04-14 10:31:18 max_epoch: 100
04-14 10:31:18 batch_size: 64
04-14 10:31:18 num_workers: 0
04-14 10:31:18 signal_size: 2048
04-14 10:31:18 random_state: 75
04-14 10:31:18 normlizetype: mean-std
04-14 10:31:18 opt: sgd
04-14 10:31:18 lr: 0.001
04-14 10:31:18 momentum: 0.9
04-14 10:31:18 betas: (0.9, 0.999)
04-14 10:31:18 weight_decay: 0.0005
04-14 10:31:18 lr_scheduler: stepLR
04-14 10:31:18 gamma: 0.2
04-14 10:31:18 steps: 10
04-14 10:31:18 tradeoff: ['exp', 'exp', 'exp']
04-14 10:31:18 dropout: 0.0
04-14 10:31:18 save: False
04-14 10:31:18 load_path: 
04-14 10:31:18 tsne: False
04-14 10:31:18 save_path: ./ckpt/CORAL/single_source/[JNU_2]To[JNU_0]_0414-103118
04-14 10:31:18 Detect 4 classes: ['1normal', 'ball', 'inner', 'outer']
04-14 10:31:19 using 1 / 1 gpus
Loading source: JNU, Condition: 2
04-14 10:31:29 Source set JNU_2 number of samples 976.
Source Data Distribution:
+--------------+---------+
| Label        |   Count |
|--------------+---------|
| 0            |     244 |
| 1            |     244 |
| 2            |     244 |
| 3            |     244 |
| Dataset Size |     976 |
+--------------+---------+
Setting up target: JNU, Condition: 0
04-14 10:31:36 target training set number of samples 125.
04-14 10:31:36 target validation set number of samples 488.
Target Data Distribution:
+--------------+---------+-------+
|              |   train |   val |
|--------------+---------+-------|
| 0            |     122 |   122 |
| 1            |       1 |   122 |
| 2            |       1 |   122 |
| 3            |       1 |   122 |
| Dataset Size |     125 |   488 |
+--------------+---------+-------+
04-14 10:31:36 -----Epoch 1/100-----
04-14 10:31:36 current lr: [0.001]
  0%|          | 0/1 [00:00<?, ?it/s]100%|##########| 1/1 [00:00<00:00, 15.81it/s]
04-14 10:31:36 Train-Loss Source Classifier: 1.4170
04-14 10:31:36 Train-Loss CORAL: 1.3472
04-14 10:31:36 Train-Acc Source Data: 0.2500
  0%|          | 0/8 [00:00<?, ?it/s]100%|##########| 8/8 [00:00<00:00, 163.01it/s]
04-14 10:31:36 Val-Acc Target Data: 0.2383
04-14 10:31:36 The best model epoch 1, val-acc 0.2383
04-14 10:31:36 -----Epoch 2/100-----
04-14 10:31:36 current lr: [0.001]
  0%|          | 0/1 [00:00<?, ?it/s]100%|##########| 1/1 [00:00<00:00, 48.21it/s]
04-14 10:31:36 Train-Loss Source Classifier: 1.4088
04-14 10:31:36 Train-Loss CORAL: 1.4206
04-14 10:31:36 Train-Acc Source Data: 0.2500
  0%|          | 0/8 [00:00<?, ?it/s]100%|##########| 8/8 [00:00<00:00, 168.86it/s]
04-14 10:31:36 Val-Acc Target Data: 0.2383
04-14 10:31:36 The best model epoch 2, val-acc 0.2383
04-14 10:31:36 -----Epoch 3/100-----
04-14 10:31:36 current lr: [0.001]
  0%|          | 0/1 [00:00<?, ?it/s]100%|##########| 1/1 [00:00<00:00, 38.67it/s]
04-14 10:31:36 Train-Loss Source Classifier: 1.4199
04-14 10:31:36 Train-Loss CORAL: 1.6252
04-14 10:31:36 Train-Acc Source Data: 0.2031
  0%|          | 0/8 [00:00<?, ?it/s]100%|##########| 8/8 [00:00<00:00, 143.38it/s]
04-14 10:31:36 Val-Acc Target Data: 0.2383
04-14 10:31:36 The best model epoch 3, val-acc 0.2383
04-14 10:31:36 -----Epoch 4/100-----
04-14 10:31:36 current lr: [0.001]
  0%|          | 0/1 [00:00<?, ?it/s]100%|##########| 1/1 [00:00<00:00, 46.47it/s]
04-14 10:31:36 Train-Loss Source Classifier: 1.3548
04-14 10:31:36 Train-Loss CORAL: 2.1288
04-14 10:31:36 Train-Acc Source Data: 0.3125
  0%|          | 0/8 [00:00<?, ?it/s]100%|##########| 8/8 [00:00<00:00, 163.53it/s]
04-14 10:31:36 Val-Acc Target Data: 0.2383
04-14 10:31:36 The best model epoch 4, val-acc 0.2383
04-14 10:31:36 -----Epoch 5/100-----
04-14 10:31:36 current lr: [0.001]
  0%|          | 0/1 [00:00<?, ?it/s]100%|##########| 1/1 [00:00<00:00, 36.67it/s]
04-14 10:31:36 Train-Loss Source Classifier: 1.3634
04-14 10:31:36 Train-Loss CORAL: 1.7150
04-14 10:31:36 Train-Acc Source Data: 0.3281
  0%|          | 0/8 [00:00<?, ?it/s]100%|##########| 8/8 [00:00<00:00, 161.76it/s]
04-14 10:31:36 Val-Acc Target Data: 0.2383
04-14 10:31:36 The best model epoch 5, val-acc 0.2383
04-14 10:31:36 -----Epoch 6/100-----
04-14 10:31:36 current lr: [0.001]
  0%|          | 0/1 [00:00<?, ?it/s]100%|##########| 1/1 [00:00<00:00, 37.89it/s]
04-14 10:31:36 Train-Loss Source Classifier: 1.3436
04-14 10:31:36 Train-Loss CORAL: 2.0931
04-14 10:31:36 Train-Acc Source Data: 0.2812
  0%|          | 0/8 [00:00<?, ?it/s]100%|##########| 8/8 [00:00<00:00, 156.69it/s]
04-14 10:31:36 Val-Acc Target Data: 0.2383
04-14 10:31:36 The best model epoch 6, val-acc 0.2383
04-14 10:31:36 -----Epoch 7/100-----
04-14 10:31:36 current lr: [0.001]
  0%|          | 0/1 [00:00<?, ?it/s]100%|##########| 1/1 [00:00<00:00, 38.43it/s]
04-14 10:31:37 Train-Loss Source Classifier: 1.3159
04-14 10:31:37 Train-Loss CORAL: 1.9162
04-14 10:31:37 Train-Acc Source Data: 0.3125
  0%|          | 0/8 [00:00<?, ?it/s]100%|##########| 8/8 [00:00<00:00, 165.78it/s]
04-14 10:31:37 Val-Acc Target Data: 0.2383
04-14 10:31:37 The best model epoch 7, val-acc 0.2383
04-14 10:31:37 -----Epoch 8/100-----
04-14 10:31:37 current lr: [0.001]
  0%|          | 0/1 [00:00<?, ?it/s]100%|##########| 1/1 [00:00<00:00, 38.02it/s]
04-14 10:31:37 Train-Loss Source Classifier: 1.3475
04-14 10:31:37 Train-Loss CORAL: 1.7947
04-14 10:31:37 Train-Acc Source Data: 0.1094
  0%|          | 0/8 [00:00<?, ?it/s]100%|##########| 8/8 [00:00<00:00, 165.09it/s]
04-14 10:31:37 Val-Acc Target Data: 0.2402
04-14 10:31:37 The best model epoch 8, val-acc 0.2402
04-14 10:31:37 -----Epoch 9/100-----
04-14 10:31:37 current lr: [0.001]
  0%|          | 0/1 [00:00<?, ?it/s]100%|##########| 1/1 [00:00<00:00, 42.13it/s]
04-14 10:31:37 Train-Loss Source Classifier: 1.2940
04-14 10:31:37 Train-Loss CORAL: 1.8396
04-14 10:31:37 Train-Acc Source Data: 0.3125
  0%|          | 0/8 [00:00<?, ?it/s]100%|##########| 8/8 [00:00<00:00, 161.34it/s]
04-14 10:31:37 Val-Acc Target Data: 0.2559
04-14 10:31:37 The best model epoch 9, val-acc 0.2559
04-14 10:31:37 -----Epoch 10/100-----
04-14 10:31:37 current lr: [0.001]
  0%|          | 0/1 [00:00<?, ?it/s]100%|##########| 1/1 [00:00<00:00, 41.77it/s]
04-14 10:31:37 Train-Loss Source Classifier: 1.3604
04-14 10:31:37 Train-Loss CORAL: 1.5682
04-14 10:31:37 Train-Acc Source Data: 0.1719
  0%|          | 0/8 [00:00<?, ?it/s]100%|##########| 8/8 [00:00<00:00, 170.04it/s]
04-14 10:31:37 Val-Acc Target Data: 0.2812
04-14 10:31:37 The best model epoch 10, val-acc 0.2812
04-14 10:31:37 -----Epoch 11/100-----
04-14 10:31:37 current lr: [0.0002]
  0%|          | 0/1 [00:00<?, ?it/s]100%|##########| 1/1 [00:00<00:00, 38.03it/s]
04-14 10:31:37 Train-Loss Source Classifier: 1.3025
04-14 10:31:37 Train-Loss CORAL: 1.3423
04-14 10:31:37 Train-Acc Source Data: 0.2031
  0%|          | 0/8 [00:00<?, ?it/s]100%|##########| 8/8 [00:00<00:00, 161.94it/s]
04-14 10:31:37 Val-Acc Target Data: 0.3047
04-14 10:31:37 The best model epoch 11, val-acc 0.3047
04-14 10:31:37 -----Epoch 12/100-----
04-14 10:31:37 current lr: [0.0002]
  0%|          | 0/1 [00:00<?, ?it/s]100%|##########| 1/1 [00:00<00:00, 40.54it/s]
04-14 10:31:37 Train-Loss Source Classifier: 1.2668
04-14 10:31:37 Train-Loss CORAL: 1.5985
04-14 10:31:37 Train-Acc Source Data: 0.3125
  0%|          | 0/8 [00:00<?, ?it/s]100%|##########| 8/8 [00:00<00:00, 166.83it/s]
04-14 10:31:37 Val-Acc Target Data: 0.3117
04-14 10:31:37 The best model epoch 12, val-acc 0.3117
04-14 10:31:37 -----Epoch 13/100-----
04-14 10:31:37 current lr: [0.0002]
  0%|          | 0/1 [00:00<?, ?it/s]100%|##########| 1/1 [00:00<00:00, 37.11it/s]
04-14 10:31:37 Train-Loss Source Classifier: 1.2574
04-14 10:31:37 Train-Loss CORAL: 1.4391
04-14 10:31:37 Train-Acc Source Data: 0.3125
  0%|          | 0/8 [00:00<?, ?it/s]100%|##########| 8/8 [00:00<00:00, 158.70it/s]
04-14 10:31:37 Val-Acc Target Data: 0.3168
04-14 10:31:37 The best model epoch 13, val-acc 0.3168
04-14 10:31:37 -----Epoch 14/100-----
04-14 10:31:37 current lr: [0.0002]
  0%|          | 0/1 [00:00<?, ?it/s]100%|##########| 1/1 [00:00<00:00, 38.25it/s]
04-14 10:31:37 Train-Loss Source Classifier: 1.2819
04-14 10:31:37 Train-Loss CORAL: 1.3184
04-14 10:31:37 Train-Acc Source Data: 0.2656
  0%|          | 0/8 [00:00<?, ?it/s]100%|##########| 8/8 [00:00<00:00, 170.82it/s]
04-14 10:31:37 Val-Acc Target Data: 0.3246
04-14 10:31:37 The best model epoch 14, val-acc 0.3246
04-14 10:31:37 -----Epoch 15/100-----
04-14 10:31:37 current lr: [0.0002]
  0%|          | 0/1 [00:00<?, ?it/s]100%|##########| 1/1 [00:00<00:00, 38.87it/s]
04-14 10:31:37 Train-Loss Source Classifier: 1.2600
04-14 10:31:37 Train-Loss CORAL: 1.7770
04-14 10:31:37 Train-Acc Source Data: 0.3438
  0%|          | 0/8 [00:00<?, ?it/s]100%|##########| 8/8 [00:00<00:00, 168.40it/s]
04-14 10:31:37 Val-Acc Target Data: 0.3344
04-14 10:31:37 The best model epoch 15, val-acc 0.3344
04-14 10:31:37 -----Epoch 16/100-----
04-14 10:31:37 current lr: [0.0002]
  0%|          | 0/1 [00:00<?, ?it/s]100%|##########| 1/1 [00:00<00:00, 40.44it/s]
04-14 10:31:37 Train-Loss Source Classifier: 1.3243
04-14 10:31:37 Train-Loss CORAL: 1.1879
04-14 10:31:37 Train-Acc Source Data: 0.2656
  0%|          | 0/8 [00:00<?, ?it/s]100%|##########| 8/8 [00:00<00:00, 168.14it/s]
04-14 10:31:37 Val-Acc Target Data: 0.3363
04-14 10:31:37 The best model epoch 16, val-acc 0.3363
04-14 10:31:37 -----Epoch 17/100-----
04-14 10:31:37 current lr: [0.0002]
  0%|          | 0/1 [00:00<?, ?it/s]100%|##########| 1/1 [00:00<00:00, 48.93it/s]
04-14 10:31:37 Train-Loss Source Classifier: 1.3361
04-14 10:31:37 Train-Loss CORAL: 1.4867
04-14 10:31:37 Train-Acc Source Data: 0.1562
  0%|          | 0/8 [00:00<?, ?it/s]100%|##########| 8/8 [00:00<00:00, 171.90it/s]
04-14 10:31:37 Val-Acc Target Data: 0.3402
04-14 10:31:37 The best model epoch 17, val-acc 0.3402
04-14 10:31:37 -----Epoch 18/100-----
04-14 10:31:37 current lr: [0.0002]
  0%|          | 0/1 [00:00<?, ?it/s]100%|##########| 1/1 [00:00<00:00, 39.14it/s]
04-14 10:31:37 Train-Loss Source Classifier: 1.2463
04-14 10:31:37 Train-Loss CORAL: 1.0670
04-14 10:31:37 Train-Acc Source Data: 0.3438
  0%|          | 0/8 [00:00<?, ?it/s]100%|##########| 8/8 [00:00<00:00, 172.46it/s]
04-14 10:31:37 Val-Acc Target Data: 0.3500
04-14 10:31:37 The best model epoch 18, val-acc 0.3500
04-14 10:31:37 -----Epoch 19/100-----
04-14 10:31:37 current lr: [0.0002]
  0%|          | 0/1 [00:00<?, ?it/s]100%|##########| 1/1 [00:00<00:00, 44.37it/s]
04-14 10:31:37 Train-Loss Source Classifier: 1.2875
04-14 10:31:37 Train-Loss CORAL: 1.2201
04-14 10:31:37 Train-Acc Source Data: 0.2344
  0%|          | 0/8 [00:00<?, ?it/s]100%|##########| 8/8 [00:00<00:00, 169.09it/s]
04-14 10:31:38 Val-Acc Target Data: 0.3520
04-14 10:31:38 The best model epoch 19, val-acc 0.3520
04-14 10:31:38 -----Epoch 20/100-----
04-14 10:31:38 current lr: [0.0002]
  0%|          | 0/1 [00:00<?, ?it/s]100%|##########| 1/1 [00:00<00:00, 39.47it/s]
04-14 10:31:38 Train-Loss Source Classifier: 1.2403
04-14 10:31:38 Train-Loss CORAL: 1.5138
04-14 10:31:38 Train-Acc Source Data: 0.4219
  0%|          | 0/8 [00:00<?, ?it/s]100%|##########| 8/8 [00:00<00:00, 160.76it/s]
04-14 10:31:38 Val-Acc Target Data: 0.3578
04-14 10:31:38 The best model epoch 20, val-acc 0.3578
04-14 10:31:38 -----Epoch 21/100-----
04-14 10:31:38 current lr: [4e-05]
  0%|          | 0/1 [00:00<?, ?it/s]100%|##########| 1/1 [00:00<00:00, 51.21it/s]
04-14 10:31:38 Train-Loss Source Classifier: 1.2567
04-14 10:31:38 Train-Loss CORAL: 1.3472
04-14 10:31:38 Train-Acc Source Data: 0.2656
  0%|          | 0/8 [00:00<?, ?it/s]100%|##########| 8/8 [00:00<00:00, 171.07it/s]
04-14 10:31:38 Val-Acc Target Data: 0.3520
04-14 10:31:38 The best model epoch 20, val-acc 0.3578
04-14 10:31:38 -----Epoch 22/100-----
04-14 10:31:38 current lr: [4e-05]
  0%|          | 0/1 [00:00<?, ?it/s]100%|##########| 1/1 [00:00<00:00, 41.04it/s]
04-14 10:31:38 Train-Loss Source Classifier: 1.2635
04-14 10:31:38 Train-Loss CORAL: 1.0105
04-14 10:31:38 Train-Acc Source Data: 0.2812
  0%|          | 0/8 [00:00<?, ?it/s]100%|##########| 8/8 [00:00<00:00, 168.12it/s]
04-14 10:31:38 Val-Acc Target Data: 0.3383
04-14 10:31:38 The best model epoch 20, val-acc 0.3578
04-14 10:31:38 -----Epoch 23/100-----
04-14 10:31:38 current lr: [4e-05]
  0%|          | 0/1 [00:00<?, ?it/s]100%|##########| 1/1 [00:00<00:00, 37.89it/s]
04-14 10:31:38 Train-Loss Source Classifier: 1.2072
04-14 10:31:38 Train-Loss CORAL: 1.1515
04-14 10:31:38 Train-Acc Source Data: 0.4219
  0%|          | 0/8 [00:00<?, ?it/s]100%|##########| 8/8 [00:00<00:00, 172.19it/s]
04-14 10:31:38 Val-Acc Target Data: 0.3383
04-14 10:31:38 The best model epoch 20, val-acc 0.3578
04-14 10:31:38 -----Epoch 24/100-----
04-14 10:31:38 current lr: [4e-05]
  0%|          | 0/1 [00:00<?, ?it/s]100%|##########| 1/1 [00:00<00:00, 39.04it/s]
04-14 10:31:38 Train-Loss Source Classifier: 1.2773
04-14 10:31:38 Train-Loss CORAL: 1.1364
04-14 10:31:38 Train-Acc Source Data: 0.2188
  0%|          | 0/8 [00:00<?, ?it/s]100%|##########| 8/8 [00:00<00:00, 171.93it/s]
04-14 10:31:38 Val-Acc Target Data: 0.3363
04-14 10:31:38 The best model epoch 20, val-acc 0.3578
04-14 10:31:38 -----Epoch 25/100-----
04-14 10:31:38 current lr: [4e-05]
  0%|          | 0/1 [00:00<?, ?it/s]100%|##########| 1/1 [00:00<00:00, 37.13it/s]
04-14 10:31:38 Train-Loss Source Classifier: 1.2780
04-14 10:31:38 Train-Loss CORAL: 1.1146
04-14 10:31:38 Train-Acc Source Data: 0.2500
  0%|          | 0/8 [00:00<?, ?it/s]100%|##########| 8/8 [00:00<00:00, 162.22it/s]
04-14 10:31:38 Val-Acc Target Data: 0.3363
04-14 10:31:38 The best model epoch 20, val-acc 0.3578
04-14 10:31:38 -----Epoch 26/100-----
04-14 10:31:38 current lr: [4e-05]
  0%|          | 0/1 [00:00<?, ?it/s]100%|##########| 1/1 [00:00<00:00, 51.71it/s]
04-14 10:31:38 Train-Loss Source Classifier: 1.2574
04-14 10:31:38 Train-Loss CORAL: 1.0330
04-14 10:31:38 Train-Acc Source Data: 0.2969
  0%|          | 0/8 [00:00<?, ?it/s]100%|##########| 8/8 [00:00<00:00, 166.94it/s]
04-14 10:31:38 Val-Acc Target Data: 0.3266
04-14 10:31:38 The best model epoch 20, val-acc 0.3578
04-14 10:31:38 -----Epoch 27/100-----
04-14 10:31:38 current lr: [4e-05]
  0%|          | 0/1 [00:00<?, ?it/s]100%|##########| 1/1 [00:00<00:00, 37.10it/s]
04-14 10:31:38 Train-Loss Source Classifier: 1.2794
04-14 10:31:38 Train-Loss CORAL: 1.1494
04-14 10:31:38 Train-Acc Source Data: 0.2812
  0%|          | 0/8 [00:00<?, ?it/s]100%|##########| 8/8 [00:00<00:00, 156.01it/s]
04-14 10:31:38 Val-Acc Target Data: 0.3187
04-14 10:31:38 The best model epoch 20, val-acc 0.3578
04-14 10:31:38 -----Epoch 28/100-----
04-14 10:31:38 current lr: [4e-05]
  0%|          | 0/1 [00:00<?, ?it/s]100%|##########| 1/1 [00:00<00:00, 39.74it/s]
04-14 10:31:38 Train-Loss Source Classifier: 1.2457
04-14 10:31:38 Train-Loss CORAL: 1.2154
04-14 10:31:38 Train-Acc Source Data: 0.2656
  0%|          | 0/8 [00:00<?, ?it/s]100%|##########| 8/8 [00:00<00:00, 167.31it/s]
04-14 10:31:38 Val-Acc Target Data: 0.3129
04-14 10:31:38 The best model epoch 20, val-acc 0.3578
04-14 10:31:38 -----Epoch 29/100-----
04-14 10:31:38 current lr: [4e-05]
  0%|          | 0/1 [00:00<?, ?it/s]100%|##########| 1/1 [00:00<00:00, 38.34it/s]
04-14 10:31:38 Train-Loss Source Classifier: 1.2379
04-14 10:31:38 Train-Loss CORAL: 0.9954
04-14 10:31:38 Train-Acc Source Data: 0.3281
  0%|          | 0/8 [00:00<?, ?it/s]100%|##########| 8/8 [00:00<00:00, 161.03it/s]
04-14 10:31:38 Val-Acc Target Data: 0.3070
04-14 10:31:38 The best model epoch 20, val-acc 0.3578
04-14 10:31:38 -----Epoch 30/100-----
04-14 10:31:38 current lr: [4e-05]
  0%|          | 0/1 [00:00<?, ?it/s]100%|##########| 1/1 [00:00<00:00, 38.83it/s]
04-14 10:31:38 Train-Loss Source Classifier: 1.2657
04-14 10:31:38 Train-Loss CORAL: 1.0326
04-14 10:31:38 Train-Acc Source Data: 0.3125
  0%|          | 0/8 [00:00<?, ?it/s]100%|##########| 8/8 [00:00<00:00, 167.88it/s]
04-14 10:31:38 Val-Acc Target Data: 0.3012
04-14 10:31:38 The best model epoch 20, val-acc 0.3578
04-14 10:31:38 -----Epoch 31/100-----
04-14 10:31:38 current lr: [8.000000000000001e-06]
  0%|          | 0/1 [00:00<?, ?it/s]100%|##########| 1/1 [00:00<00:00, 37.73it/s]
04-14 10:31:38 Train-Loss Source Classifier: 1.2521
04-14 10:31:38 Train-Loss CORAL: 1.3088
04-14 10:31:38 Train-Acc Source Data: 0.3125
  0%|          | 0/8 [00:00<?, ?it/s]100%|##########| 8/8 [00:00<00:00, 167.74it/s]
04-14 10:31:38 Val-Acc Target Data: 0.2953
04-14 10:31:38 The best model epoch 20, val-acc 0.3578
04-14 10:31:38 -----Epoch 32/100-----
04-14 10:31:38 current lr: [8.000000000000001e-06]
  0%|          | 0/1 [00:00<?, ?it/s]100%|##########| 1/1 [00:00<00:00, 37.86it/s]
04-14 10:31:39 Train-Loss Source Classifier: 1.2526
04-14 10:31:39 Train-Loss CORAL: 1.1429
04-14 10:31:39 Train-Acc Source Data: 0.2969
  0%|          | 0/8 [00:00<?, ?it/s]100%|##########| 8/8 [00:00<00:00, 158.30it/s]
04-14 10:31:39 Val-Acc Target Data: 0.2992
04-14 10:31:39 The best model epoch 20, val-acc 0.3578
04-14 10:31:39 -----Epoch 33/100-----
04-14 10:31:39 current lr: [8.000000000000001e-06]
  0%|          | 0/1 [00:00<?, ?it/s]100%|##########| 1/1 [00:00<00:00, 51.31it/s]
04-14 10:31:39 Train-Loss Source Classifier: 1.2302
04-14 10:31:39 Train-Loss CORAL: 1.0090
04-14 10:31:39 Train-Acc Source Data: 0.3750
  0%|          | 0/8 [00:00<?, ?it/s]100%|##########| 8/8 [00:00<00:00, 152.86it/s]
04-14 10:31:39 Val-Acc Target Data: 0.2934
04-14 10:31:39 The best model epoch 20, val-acc 0.3578
04-14 10:31:39 -----Epoch 34/100-----
04-14 10:31:39 current lr: [8.000000000000001e-06]
  0%|          | 0/1 [00:00<?, ?it/s]100%|##########| 1/1 [00:00<00:00, 47.54it/s]
04-14 10:31:39 Train-Loss Source Classifier: 1.2213
04-14 10:31:39 Train-Loss CORAL: 1.1606
04-14 10:31:39 Train-Acc Source Data: 0.3438
  0%|          | 0/8 [00:00<?, ?it/s]100%|##########| 8/8 [00:00<00:00, 162.47it/s]
04-14 10:31:39 Val-Acc Target Data: 0.2875
04-14 10:31:39 The best model epoch 20, val-acc 0.3578
04-14 10:31:39 -----Epoch 35/100-----
04-14 10:31:39 current lr: [8.000000000000001e-06]
  0%|          | 0/1 [00:00<?, ?it/s]100%|##########| 1/1 [00:00<00:00, 37.82it/s]
04-14 10:31:39 Train-Loss Source Classifier: 1.2447
04-14 10:31:39 Train-Loss CORAL: 1.3054
04-14 10:31:39 Train-Acc Source Data: 0.3906
  0%|          | 0/8 [00:00<?, ?it/s]100%|##########| 8/8 [00:00<00:00, 162.83it/s]
04-14 10:31:39 Val-Acc Target Data: 0.2816
04-14 10:31:39 The best model epoch 20, val-acc 0.3578
04-14 10:31:39 -----Epoch 36/100-----
04-14 10:31:39 current lr: [8.000000000000001e-06]
  0%|          | 0/1 [00:00<?, ?it/s]100%|##########| 1/1 [00:00<00:00, 38.00it/s]
04-14 10:31:39 Train-Loss Source Classifier: 1.2458
04-14 10:31:39 Train-Loss CORAL: 1.0389
04-14 10:31:39 Train-Acc Source Data: 0.2969
  0%|          | 0/8 [00:00<?, ?it/s]100%|##########| 8/8 [00:00<00:00, 158.71it/s]
04-14 10:31:39 Val-Acc Target Data: 0.2797
04-14 10:31:39 The best model epoch 20, val-acc 0.3578
04-14 10:31:39 -----Epoch 37/100-----
04-14 10:31:39 current lr: [8.000000000000001e-06]
  0%|          | 0/1 [00:00<?, ?it/s]100%|##########| 1/1 [00:00<00:00, 39.59it/s]
04-14 10:31:39 Train-Loss Source Classifier: 1.2780
04-14 10:31:39 Train-Loss CORAL: 1.0977
04-14 10:31:39 Train-Acc Source Data: 0.1875
  0%|          | 0/8 [00:00<?, ?it/s]100%|##########| 8/8 [00:00<00:00, 160.40it/s]
04-14 10:31:39 Val-Acc Target Data: 0.2797
04-14 10:31:39 The best model epoch 20, val-acc 0.3578
04-14 10:31:39 -----Epoch 38/100-----
04-14 10:31:39 current lr: [8.000000000000001e-06]
  0%|          | 0/1 [00:00<?, ?it/s]100%|##########| 1/1 [00:00<00:00, 40.25it/s]
04-14 10:31:39 Train-Loss Source Classifier: 1.3011
04-14 10:31:39 Train-Loss CORAL: 0.9530
04-14 10:31:39 Train-Acc Source Data: 0.2344
  0%|          | 0/8 [00:00<?, ?it/s]100%|##########| 8/8 [00:00<00:00, 167.68it/s]
04-14 10:31:39 Val-Acc Target Data: 0.2777
04-14 10:31:39 The best model epoch 20, val-acc 0.3578
04-14 10:31:39 -----Epoch 39/100-----
04-14 10:31:39 current lr: [8.000000000000001e-06]
  0%|          | 0/1 [00:00<?, ?it/s]100%|##########| 1/1 [00:00<00:00, 51.72it/s]
04-14 10:31:39 Train-Loss Source Classifier: 1.2879
04-14 10:31:39 Train-Loss CORAL: 0.9075
04-14 10:31:39 Train-Acc Source Data: 0.3281
  0%|          | 0/8 [00:00<?, ?it/s]100%|##########| 8/8 [00:00<00:00, 170.97it/s]
04-14 10:31:39 Val-Acc Target Data: 0.2738
04-14 10:31:39 The best model epoch 20, val-acc 0.3578
04-14 10:31:39 -----Epoch 40/100-----
04-14 10:31:39 current lr: [8.000000000000001e-06]
  0%|          | 0/1 [00:00<?, ?it/s]100%|##########| 1/1 [00:00<00:00, 38.94it/s]
04-14 10:31:39 Train-Loss Source Classifier: 1.2454
04-14 10:31:39 Train-Loss CORAL: 1.2197
04-14 10:31:39 Train-Acc Source Data: 0.3750
  0%|          | 0/8 [00:00<?, ?it/s]100%|##########| 8/8 [00:00<00:00, 170.91it/s]
04-14 10:31:39 Val-Acc Target Data: 0.2777
04-14 10:31:39 The best model epoch 20, val-acc 0.3578
04-14 10:31:39 -----Epoch 41/100-----
04-14 10:31:39 current lr: [1.6000000000000004e-06]
  0%|          | 0/1 [00:00<?, ?it/s]100%|##########| 1/1 [00:00<00:00, 37.19it/s]
04-14 10:31:39 Train-Loss Source Classifier: 1.2719
04-14 10:31:39 Train-Loss CORAL: 1.2115
04-14 10:31:39 Train-Acc Source Data: 0.2500
  0%|          | 0/8 [00:00<?, ?it/s]100%|##########| 8/8 [00:00<00:00, 158.54it/s]
04-14 10:31:39 Val-Acc Target Data: 0.2816
04-14 10:31:39 The best model epoch 20, val-acc 0.3578
04-14 10:31:39 -----Epoch 42/100-----
04-14 10:31:39 current lr: [1.6000000000000004e-06]
  0%|          | 0/1 [00:00<?, ?it/s]100%|##########| 1/1 [00:00<00:00, 51.88it/s]
04-14 10:31:39 Train-Loss Source Classifier: 1.2791
04-14 10:31:39 Train-Loss CORAL: 1.0258
04-14 10:31:39 Train-Acc Source Data: 0.2656
  0%|          | 0/8 [00:00<?, ?it/s]100%|##########| 8/8 [00:00<00:00, 164.61it/s]
04-14 10:31:39 Val-Acc Target Data: 0.2855
04-14 10:31:39 The best model epoch 20, val-acc 0.3578
04-14 10:31:39 -----Epoch 43/100-----
04-14 10:31:39 current lr: [1.6000000000000004e-06]
  0%|          | 0/1 [00:00<?, ?it/s]100%|##########| 1/1 [00:00<00:00, 41.67it/s]
04-14 10:31:39 Train-Loss Source Classifier: 1.2396
04-14 10:31:39 Train-Loss CORAL: 1.0991
04-14 10:31:39 Train-Acc Source Data: 0.3906
  0%|          | 0/8 [00:00<?, ?it/s]100%|##########| 8/8 [00:00<00:00, 169.70it/s]
04-14 10:31:39 Val-Acc Target Data: 0.2836
04-14 10:31:39 The best model epoch 20, val-acc 0.3578
04-14 10:31:39 -----Epoch 44/100-----
04-14 10:31:39 current lr: [1.6000000000000004e-06]
  0%|          | 0/1 [00:00<?, ?it/s]100%|##########| 1/1 [00:00<00:00, 40.43it/s]
04-14 10:31:39 Train-Loss Source Classifier: 1.2178
04-14 10:31:39 Train-Loss CORAL: 1.1192
04-14 10:31:39 Train-Acc Source Data: 0.4062
  0%|          | 0/8 [00:00<?, ?it/s]100%|##########| 8/8 [00:00<00:00, 166.40it/s]
04-14 10:31:40 Val-Acc Target Data: 0.2836
04-14 10:31:40 The best model epoch 20, val-acc 0.3578
04-14 10:31:40 -----Epoch 45/100-----
04-14 10:31:40 current lr: [1.6000000000000004e-06]
  0%|          | 0/1 [00:00<?, ?it/s]100%|##########| 1/1 [00:00<00:00, 38.36it/s]
04-14 10:31:40 Train-Loss Source Classifier: 1.2805
04-14 10:31:40 Train-Loss CORAL: 0.9030
04-14 10:31:40 Train-Acc Source Data: 0.2812
  0%|          | 0/8 [00:00<?, ?it/s]100%|##########| 8/8 [00:00<00:00, 162.38it/s]
04-14 10:31:40 Val-Acc Target Data: 0.2816
04-14 10:31:40 The best model epoch 20, val-acc 0.3578
04-14 10:31:40 -----Epoch 46/100-----
04-14 10:31:40 current lr: [1.6000000000000004e-06]
  0%|          | 0/1 [00:00<?, ?it/s]100%|##########| 1/1 [00:00<00:00, 49.17it/s]
04-14 10:31:40 Train-Loss Source Classifier: 1.2674
04-14 10:31:40 Train-Loss CORAL: 1.0711
04-14 10:31:40 Train-Acc Source Data: 0.2344
  0%|          | 0/8 [00:00<?, ?it/s]100%|##########| 8/8 [00:00<00:00, 170.78it/s]
04-14 10:31:40 Val-Acc Target Data: 0.2777
04-14 10:31:40 The best model epoch 20, val-acc 0.3578
04-14 10:31:40 -----Epoch 47/100-----
04-14 10:31:40 current lr: [1.6000000000000004e-06]
  0%|          | 0/1 [00:00<?, ?it/s]100%|##########| 1/1 [00:00<00:00, 39.11it/s]
04-14 10:31:40 Train-Loss Source Classifier: 1.2546
04-14 10:31:40 Train-Loss CORAL: 1.0064
04-14 10:31:40 Train-Acc Source Data: 0.3594
  0%|          | 0/8 [00:00<?, ?it/s]100%|##########| 8/8 [00:00<00:00, 156.61it/s]
04-14 10:31:40 Val-Acc Target Data: 0.2758
04-14 10:31:40 The best model epoch 20, val-acc 0.3578
04-14 10:31:40 -----Epoch 48/100-----
04-14 10:31:40 current lr: [1.6000000000000004e-06]
  0%|          | 0/1 [00:00<?, ?it/s]100%|##########| 1/1 [00:00<00:00, 39.46it/s]
04-14 10:31:40 Train-Loss Source Classifier: 1.2611
04-14 10:31:40 Train-Loss CORAL: 1.0520
04-14 10:31:40 Train-Acc Source Data: 0.3438
  0%|          | 0/8 [00:00<?, ?it/s]100%|##########| 8/8 [00:00<00:00, 158.37it/s]
04-14 10:31:40 Val-Acc Target Data: 0.2758
04-14 10:31:40 The best model epoch 20, val-acc 0.3578
04-14 10:31:40 -----Epoch 49/100-----
04-14 10:31:40 current lr: [1.6000000000000004e-06]
  0%|          | 0/1 [00:00<?, ?it/s]100%|##########| 1/1 [00:00<00:00, 39.86it/s]
04-14 10:31:40 Train-Loss Source Classifier: 1.2624
04-14 10:31:40 Train-Loss CORAL: 1.0615
04-14 10:31:40 Train-Acc Source Data: 0.3281
  0%|          | 0/8 [00:00<?, ?it/s]100%|##########| 8/8 [00:00<00:00, 163.38it/s]
04-14 10:31:40 Val-Acc Target Data: 0.2738
04-14 10:31:40 The best model epoch 20, val-acc 0.3578
04-14 10:31:40 -----Epoch 50/100-----
04-14 10:31:40 current lr: [1.6000000000000004e-06]
  0%|          | 0/1 [00:00<?, ?it/s]100%|##########| 1/1 [00:00<00:00, 39.48it/s]
04-14 10:31:40 Train-Loss Source Classifier: 1.2446
04-14 10:31:40 Train-Loss CORAL: 1.1116
04-14 10:31:40 Train-Acc Source Data: 0.3750
  0%|          | 0/8 [00:00<?, ?it/s]100%|##########| 8/8 [00:00<00:00, 167.95it/s]
04-14 10:31:40 Val-Acc Target Data: 0.2738
04-14 10:31:40 The best model epoch 20, val-acc 0.3578
04-14 10:31:40 -----Epoch 51/100-----
04-14 10:31:40 current lr: [3.200000000000001e-07]
  0%|          | 0/1 [00:00<?, ?it/s]100%|##########| 1/1 [00:00<00:00, 51.35it/s]
04-14 10:31:40 Train-Loss Source Classifier: 1.2602
04-14 10:31:40 Train-Loss CORAL: 0.9281
04-14 10:31:40 Train-Acc Source Data: 0.2969
  0%|          | 0/8 [00:00<?, ?it/s]100%|##########| 8/8 [00:00<00:00, 160.64it/s]
04-14 10:31:40 Val-Acc Target Data: 0.2738
04-14 10:31:40 The best model epoch 20, val-acc 0.3578
04-14 10:31:40 -----Epoch 52/100-----
04-14 10:31:40 current lr: [3.200000000000001e-07]
  0%|          | 0/1 [00:00<?, ?it/s]100%|##########| 1/1 [00:00<00:00, 42.40it/s]
04-14 10:31:40 Train-Loss Source Classifier: 1.2709
04-14 10:31:40 Train-Loss CORAL: 1.1542
04-14 10:31:40 Train-Acc Source Data: 0.2500
  0%|          | 0/8 [00:00<?, ?it/s]100%|##########| 8/8 [00:00<00:00, 157.05it/s]
04-14 10:31:40 Val-Acc Target Data: 0.2758
04-14 10:31:40 The best model epoch 20, val-acc 0.3578
04-14 10:31:40 -----Epoch 53/100-----
04-14 10:31:40 current lr: [3.200000000000001e-07]
  0%|          | 0/1 [00:00<?, ?it/s]100%|##########| 1/1 [00:00<00:00, 39.57it/s]
04-14 10:31:40 Train-Loss Source Classifier: 1.2554
04-14 10:31:40 Train-Loss CORAL: 0.9005
04-14 10:31:40 Train-Acc Source Data: 0.3281
  0%|          | 0/8 [00:00<?, ?it/s]100%|##########| 8/8 [00:00<00:00, 157.41it/s]
04-14 10:31:40 Val-Acc Target Data: 0.2758
04-14 10:31:40 The best model epoch 20, val-acc 0.3578
04-14 10:31:40 -----Epoch 54/100-----
04-14 10:31:40 current lr: [3.200000000000001e-07]
  0%|          | 0/1 [00:00<?, ?it/s]100%|##########| 1/1 [00:00<00:00, 41.17it/s]
04-14 10:31:40 Train-Loss Source Classifier: 1.2397
04-14 10:31:40 Train-Loss CORAL: 1.1217
04-14 10:31:40 Train-Acc Source Data: 0.3594
  0%|          | 0/8 [00:00<?, ?it/s]100%|##########| 8/8 [00:00<00:00, 164.70it/s]
04-14 10:31:40 Val-Acc Target Data: 0.2777
04-14 10:31:40 The best model epoch 20, val-acc 0.3578
04-14 10:31:40 -----Epoch 55/100-----
04-14 10:31:40 current lr: [3.200000000000001e-07]
  0%|          | 0/1 [00:00<?, ?it/s]100%|##########| 1/1 [00:00<00:00, 40.29it/s]
04-14 10:31:40 Train-Loss Source Classifier: 1.2437
04-14 10:31:40 Train-Loss CORAL: 1.0411
04-14 10:31:40 Train-Acc Source Data: 0.3750
  0%|          | 0/8 [00:00<?, ?it/s]100%|##########| 8/8 [00:00<00:00, 164.29it/s]
04-14 10:31:40 Val-Acc Target Data: 0.2777
04-14 10:31:40 The best model epoch 20, val-acc 0.3578
04-14 10:31:40 -----Epoch 56/100-----
04-14 10:31:40 current lr: [3.200000000000001e-07]
  0%|          | 0/1 [00:00<?, ?it/s]100%|##########| 1/1 [00:00<00:00, 40.24it/s]
04-14 10:31:40 Train-Loss Source Classifier: 1.2124
04-14 10:31:40 Train-Loss CORAL: 1.1638
04-14 10:31:40 Train-Acc Source Data: 0.4219
  0%|          | 0/8 [00:00<?, ?it/s]100%|##########| 8/8 [00:00<00:00, 162.55it/s]
04-14 10:31:40 Val-Acc Target Data: 0.2777
04-14 10:31:40 The best model epoch 20, val-acc 0.3578
04-14 10:31:40 -----Epoch 57/100-----
04-14 10:31:40 current lr: [3.200000000000001e-07]
  0%|          | 0/1 [00:00<?, ?it/s]100%|##########| 1/1 [00:00<00:00, 39.46it/s]
04-14 10:31:41 Train-Loss Source Classifier: 1.2613
04-14 10:31:41 Train-Loss CORAL: 0.8322
04-14 10:31:41 Train-Acc Source Data: 0.2969
  0%|          | 0/8 [00:00<?, ?it/s]100%|##########| 8/8 [00:00<00:00, 161.59it/s]
04-14 10:31:41 Val-Acc Target Data: 0.2777
04-14 10:31:41 The best model epoch 20, val-acc 0.3578
04-14 10:31:41 -----Epoch 58/100-----
04-14 10:31:41 current lr: [3.200000000000001e-07]
  0%|          | 0/1 [00:00<?, ?it/s]100%|##########| 1/1 [00:00<00:00, 39.89it/s]
04-14 10:31:41 Train-Loss Source Classifier: 1.2437
04-14 10:31:41 Train-Loss CORAL: 1.1230
04-14 10:31:41 Train-Acc Source Data: 0.3906
  0%|          | 0/8 [00:00<?, ?it/s]100%|##########| 8/8 [00:00<00:00, 167.05it/s]
04-14 10:31:41 Val-Acc Target Data: 0.2777
04-14 10:31:41 The best model epoch 20, val-acc 0.3578
04-14 10:31:41 -----Epoch 59/100-----
04-14 10:31:41 current lr: [3.200000000000001e-07]
  0%|          | 0/1 [00:00<?, ?it/s]100%|##########| 1/1 [00:00<00:00, 37.77it/s]
04-14 10:31:41 Train-Loss Source Classifier: 1.2665
04-14 10:31:41 Train-Loss CORAL: 1.2136
04-14 10:31:41 Train-Acc Source Data: 0.2344
  0%|          | 0/8 [00:00<?, ?it/s]100%|##########| 8/8 [00:00<00:00, 167.21it/s]
04-14 10:31:41 Val-Acc Target Data: 0.2777
04-14 10:31:41 The best model epoch 20, val-acc 0.3578
04-14 10:31:41 -----Epoch 60/100-----
04-14 10:31:41 current lr: [3.200000000000001e-07]
  0%|          | 0/1 [00:00<?, ?it/s]100%|##########| 1/1 [00:00<00:00, 37.82it/s]
04-14 10:31:41 Train-Loss Source Classifier: 1.2873
04-14 10:31:41 Train-Loss CORAL: 1.2184
04-14 10:31:41 Train-Acc Source Data: 0.2656
  0%|          | 0/8 [00:00<?, ?it/s]100%|##########| 8/8 [00:00<00:00, 165.31it/s]
04-14 10:31:41 Val-Acc Target Data: 0.2777
04-14 10:31:41 The best model epoch 20, val-acc 0.3578
04-14 10:31:41 -----Epoch 61/100-----
04-14 10:31:41 current lr: [6.400000000000003e-08]
  0%|          | 0/1 [00:00<?, ?it/s]100%|##########| 1/1 [00:00<00:00, 39.49it/s]
04-14 10:31:41 Train-Loss Source Classifier: 1.2563
04-14 10:31:41 Train-Loss CORAL: 1.1423
04-14 10:31:41 Train-Acc Source Data: 0.3594
  0%|          | 0/8 [00:00<?, ?it/s]100%|##########| 8/8 [00:00<00:00, 169.19it/s]
04-14 10:31:41 Val-Acc Target Data: 0.2777
04-14 10:31:41 The best model epoch 20, val-acc 0.3578
04-14 10:31:41 -----Epoch 62/100-----
04-14 10:31:41 current lr: [6.400000000000003e-08]
  0%|          | 0/1 [00:00<?, ?it/s]100%|##########| 1/1 [00:00<00:00, 38.36it/s]
04-14 10:31:41 Train-Loss Source Classifier: 1.2357
04-14 10:31:41 Train-Loss CORAL: 1.3724
04-14 10:31:41 Train-Acc Source Data: 0.3750
  0%|          | 0/8 [00:00<?, ?it/s]100%|##########| 8/8 [00:00<00:00, 159.74it/s]
04-14 10:31:41 Val-Acc Target Data: 0.2777
04-14 10:31:41 The best model epoch 20, val-acc 0.3578
04-14 10:31:41 -----Epoch 63/100-----
04-14 10:31:41 current lr: [6.400000000000003e-08]
  0%|          | 0/1 [00:00<?, ?it/s]100%|##########| 1/1 [00:00<00:00, 41.73it/s]
04-14 10:31:41 Train-Loss Source Classifier: 1.2908
04-14 10:31:41 Train-Loss CORAL: 0.7505
04-14 10:31:41 Train-Acc Source Data: 0.2188
  0%|          | 0/8 [00:00<?, ?it/s]100%|##########| 8/8 [00:00<00:00, 162.35it/s]
04-14 10:31:41 Val-Acc Target Data: 0.2777
04-14 10:31:41 The best model epoch 20, val-acc 0.3578
04-14 10:31:41 -----Epoch 64/100-----
04-14 10:31:41 current lr: [6.400000000000003e-08]
  0%|          | 0/1 [00:00<?, ?it/s]100%|##########| 1/1 [00:00<00:00, 40.51it/s]
04-14 10:31:41 Train-Loss Source Classifier: 1.2561
04-14 10:31:41 Train-Loss CORAL: 0.9837
04-14 10:31:41 Train-Acc Source Data: 0.2812
  0%|          | 0/8 [00:00<?, ?it/s]100%|##########| 8/8 [00:00<00:00, 166.95it/s]
04-14 10:31:41 Val-Acc Target Data: 0.2777
04-14 10:31:41 The best model epoch 20, val-acc 0.3578
04-14 10:31:41 -----Epoch 65/100-----
04-14 10:31:41 current lr: [6.400000000000003e-08]
  0%|          | 0/1 [00:00<?, ?it/s]100%|##########| 1/1 [00:00<00:00, 38.60it/s]
04-14 10:31:41 Train-Loss Source Classifier: 1.2309
04-14 10:31:41 Train-Loss CORAL: 0.9641
04-14 10:31:41 Train-Acc Source Data: 0.3281
  0%|          | 0/8 [00:00<?, ?it/s]100%|##########| 8/8 [00:00<00:00, 153.56it/s]
04-14 10:31:41 Val-Acc Target Data: 0.2777
04-14 10:31:41 The best model epoch 20, val-acc 0.3578
04-14 10:31:41 -----Epoch 66/100-----
04-14 10:31:41 current lr: [6.400000000000003e-08]
  0%|          | 0/1 [00:00<?, ?it/s]100%|##########| 1/1 [00:00<00:00, 38.69it/s]
04-14 10:31:41 Train-Loss Source Classifier: 1.2917
04-14 10:31:41 Train-Loss CORAL: 0.8465
04-14 10:31:41 Train-Acc Source Data: 0.2344
  0%|          | 0/8 [00:00<?, ?it/s]100%|##########| 8/8 [00:00<00:00, 168.96it/s]
04-14 10:31:41 Val-Acc Target Data: 0.2777
04-14 10:31:41 The best model epoch 20, val-acc 0.3578
04-14 10:31:41 -----Epoch 67/100-----
04-14 10:31:41 current lr: [6.400000000000003e-08]
  0%|          | 0/1 [00:00<?, ?it/s]100%|##########| 1/1 [00:00<00:00, 38.94it/s]
04-14 10:31:41 Train-Loss Source Classifier: 1.2599
04-14 10:31:41 Train-Loss CORAL: 1.0560
04-14 10:31:41 Train-Acc Source Data: 0.2969
  0%|          | 0/8 [00:00<?, ?it/s]100%|##########| 8/8 [00:00<00:00, 166.14it/s]
04-14 10:31:41 Val-Acc Target Data: 0.2797
04-14 10:31:41 The best model epoch 20, val-acc 0.3578
04-14 10:31:41 -----Epoch 68/100-----
04-14 10:31:41 current lr: [6.400000000000003e-08]
  0%|          | 0/1 [00:00<?, ?it/s]100%|##########| 1/1 [00:00<00:00, 51.81it/s]
04-14 10:31:41 Train-Loss Source Classifier: 1.2804
04-14 10:31:41 Train-Loss CORAL: 1.2707
04-14 10:31:41 Train-Acc Source Data: 0.2656
  0%|          | 0/8 [00:00<?, ?it/s]100%|##########| 8/8 [00:00<00:00, 164.49it/s]
04-14 10:31:41 Val-Acc Target Data: 0.2797
04-14 10:31:41 The best model epoch 20, val-acc 0.3578
04-14 10:31:41 -----Epoch 69/100-----
04-14 10:31:41 current lr: [6.400000000000003e-08]
  0%|          | 0/1 [00:00<?, ?it/s]100%|##########| 1/1 [00:00<00:00, 39.47it/s]
04-14 10:31:41 Train-Loss Source Classifier: 1.2622
04-14 10:31:41 Train-Loss CORAL: 1.1074
04-14 10:31:41 Train-Acc Source Data: 0.3281
  0%|          | 0/8 [00:00<?, ?it/s]100%|##########| 8/8 [00:00<00:00, 163.16it/s]
04-14 10:31:42 Val-Acc Target Data: 0.2797
04-14 10:31:42 The best model epoch 20, val-acc 0.3578
04-14 10:31:42 -----Epoch 70/100-----
04-14 10:31:42 current lr: [6.400000000000003e-08]
  0%|          | 0/1 [00:00<?, ?it/s]100%|##########| 1/1 [00:00<00:00, 39.21it/s]
04-14 10:31:42 Train-Loss Source Classifier: 1.2407
04-14 10:31:42 Train-Loss CORAL: 1.1527
04-14 10:31:42 Train-Acc Source Data: 0.4062
  0%|          | 0/8 [00:00<?, ?it/s]100%|##########| 8/8 [00:00<00:00, 168.50it/s]
04-14 10:31:42 Val-Acc Target Data: 0.2797
04-14 10:31:42 The best model epoch 20, val-acc 0.3578
04-14 10:31:42 -----Epoch 71/100-----
04-14 10:31:42 current lr: [1.2800000000000007e-08]
  0%|          | 0/1 [00:00<?, ?it/s]100%|##########| 1/1 [00:00<00:00, 37.89it/s]
04-14 10:31:42 Train-Loss Source Classifier: 1.2361
04-14 10:31:42 Train-Loss CORAL: 1.0614
04-14 10:31:42 Train-Acc Source Data: 0.3281
  0%|          | 0/8 [00:00<?, ?it/s]100%|##########| 8/8 [00:00<00:00, 161.21it/s]
04-14 10:31:42 Val-Acc Target Data: 0.2797
04-14 10:31:42 The best model epoch 20, val-acc 0.3578
04-14 10:31:42 -----Epoch 72/100-----
04-14 10:31:42 current lr: [1.2800000000000007e-08]
  0%|          | 0/1 [00:00<?, ?it/s]100%|##########| 1/1 [00:00<00:00, 38.30it/s]
04-14 10:31:42 Train-Loss Source Classifier: 1.2627
04-14 10:31:42 Train-Loss CORAL: 1.0872
04-14 10:31:42 Train-Acc Source Data: 0.3125
  0%|          | 0/8 [00:00<?, ?it/s]100%|##########| 8/8 [00:00<00:00, 166.94it/s]
04-14 10:31:42 Val-Acc Target Data: 0.2797
04-14 10:31:42 The best model epoch 20, val-acc 0.3578
04-14 10:31:42 -----Epoch 73/100-----
04-14 10:31:42 current lr: [1.2800000000000007e-08]
  0%|          | 0/1 [00:00<?, ?it/s]100%|##########| 1/1 [00:00<00:00, 38.20it/s]
04-14 10:31:42 Train-Loss Source Classifier: 1.2699
04-14 10:31:42 Train-Loss CORAL: 1.0144
04-14 10:31:42 Train-Acc Source Data: 0.2656
  0%|          | 0/8 [00:00<?, ?it/s]100%|##########| 8/8 [00:00<00:00, 159.51it/s]
04-14 10:31:42 Val-Acc Target Data: 0.2797
04-14 10:31:42 The best model epoch 20, val-acc 0.3578
04-14 10:31:42 -----Epoch 74/100-----
04-14 10:31:42 current lr: [1.2800000000000007e-08]
  0%|          | 0/1 [00:00<?, ?it/s]100%|##########| 1/1 [00:00<00:00, 38.24it/s]
04-14 10:31:42 Train-Loss Source Classifier: 1.2288
04-14 10:31:42 Train-Loss CORAL: 1.1617
04-14 10:31:42 Train-Acc Source Data: 0.3906
  0%|          | 0/8 [00:00<?, ?it/s]100%|##########| 8/8 [00:00<00:00, 161.58it/s]
04-14 10:31:42 Val-Acc Target Data: 0.2797
04-14 10:31:42 The best model epoch 20, val-acc 0.3578
04-14 10:31:42 -----Epoch 75/100-----
04-14 10:31:42 current lr: [1.2800000000000007e-08]
  0%|          | 0/1 [00:00<?, ?it/s]100%|##########| 1/1 [00:00<00:00, 38.93it/s]
04-14 10:31:42 Train-Loss Source Classifier: 1.2177
04-14 10:31:42 Train-Loss CORAL: 1.0472
04-14 10:31:42 Train-Acc Source Data: 0.4062
  0%|          | 0/8 [00:00<?, ?it/s]100%|##########| 8/8 [00:00<00:00, 168.48it/s]
04-14 10:31:42 Val-Acc Target Data: 0.2797
04-14 10:31:42 The best model epoch 20, val-acc 0.3578
04-14 10:31:42 -----Epoch 76/100-----
04-14 10:31:42 current lr: [1.2800000000000007e-08]
  0%|          | 0/1 [00:00<?, ?it/s]100%|##########| 1/1 [00:00<00:00, 37.72it/s]
04-14 10:31:42 Train-Loss Source Classifier: 1.2301
04-14 10:31:42 Train-Loss CORAL: 0.9750
04-14 10:31:42 Train-Acc Source Data: 0.3750
  0%|          | 0/8 [00:00<?, ?it/s]100%|##########| 8/8 [00:00<00:00, 167.78it/s]
04-14 10:31:42 Val-Acc Target Data: 0.2797
04-14 10:31:42 The best model epoch 20, val-acc 0.3578
04-14 10:31:42 -----Epoch 77/100-----
04-14 10:31:42 current lr: [1.2800000000000007e-08]
  0%|          | 0/1 [00:00<?, ?it/s]100%|##########| 1/1 [00:00<00:00, 51.26it/s]
04-14 10:31:42 Train-Loss Source Classifier: 1.2416
04-14 10:31:42 Train-Loss CORAL: 0.9605
04-14 10:31:42 Train-Acc Source Data: 0.4062
  0%|          | 0/8 [00:00<?, ?it/s]100%|##########| 8/8 [00:00<00:00, 168.13it/s]
04-14 10:31:42 Val-Acc Target Data: 0.2797
04-14 10:31:42 The best model epoch 20, val-acc 0.3578
04-14 10:31:42 -----Epoch 78/100-----
04-14 10:31:42 current lr: [1.2800000000000007e-08]
  0%|          | 0/1 [00:00<?, ?it/s]100%|##########| 1/1 [00:00<00:00, 42.22it/s]
04-14 10:31:42 Train-Loss Source Classifier: 1.2371
04-14 10:31:42 Train-Loss CORAL: 1.1834
04-14 10:31:42 Train-Acc Source Data: 0.3438
  0%|          | 0/8 [00:00<?, ?it/s]100%|##########| 8/8 [00:00<00:00, 168.50it/s]
