04-10 08:19:37 method: DA
04-10 08:19:37 model_name: cnn_features_1d
04-10 08:19:37 data_name: CWRU
04-10 08:19:37 data_dir: /home/workspace/UDA_Bearing_Fault_Diagnosis/Data/CWRU/
04-10 08:19:37 transfer_task: [[1], [0]]
04-10 08:19:37 normlizetype: mean-std
04-10 08:19:37 adabn: False
04-10 08:19:37 eval_all: False
04-10 08:19:37 adabn_epochs: 3
04-10 08:19:37 cuda_device: 0
04-10 08:19:37 checkpoint_dir: ./checkpoint
04-10 08:19:37 pretrained: False
04-10 08:19:37 batch_size: 64
04-10 08:19:37 num_workers: 0
04-10 08:19:37 bottleneck: True
04-10 08:19:37 bottleneck_num: 256
04-10 08:19:37 last_batch: False
04-10 08:19:37 distance_metric: False
04-10 08:19:37 distance_loss: MK-MMD
04-10 08:19:37 trade_off_distance: Step
04-10 08:19:37 lam_distance: 1
04-10 08:19:37 domain_adversarial: False
04-10 08:19:37 adversarial_loss: CDA+E
04-10 08:19:37 hidden_size: 1024
04-10 08:19:37 trade_off_adversarial: Step
04-10 08:19:37 lam_adversarial: 1
04-10 08:19:37 opt: adam
04-10 08:19:37 lr: 0.001
04-10 08:19:37 momentum: 0.9
04-10 08:19:37 weight_decay: 1e-05
04-10 08:19:37 lr_scheduler: step
04-10 08:19:37 gamma: 0.1
04-10 08:19:37 steps: 150, 250
04-10 08:19:37 middle_epoch: 50
04-10 08:19:37 max_epoch: 300
04-10 08:19:37 print_step: 50
04-10 08:19:37 using 1 gpus
04-10 08:19:40 -----Epoch 0/299-----
04-10 08:19:40 current lr: [0.001, 0.001, 0.001]
04-10 08:19:40 Epoch: 0 [0/1231], Train Loss: 2.5991 Train Acc: 0.0625,1571.1 examples/sec 0.04 sec/batch
04-10 08:19:40 Epoch: 0 source_train-Loss: 1.8990 source_train-Acc: 0.3444, Cost 0.1 sec
04-10 08:19:40 Epoch: 0 source_val-Loss: 1.4797 source_val-Acc: 0.5130, Cost 0.0 sec
04-10 08:19:40 Epoch: 0 target_val-Loss: 1.7454 target_val-Acc: 0.4100, Cost 0.0 sec
04-10 08:19:40 -----Epoch 1/299-----
04-10 08:19:40 current lr: [0.001, 0.001, 0.001]
04-10 08:19:40 Epoch: 1 source_train-Loss: 1.3379 source_train-Acc: 0.5004, Cost 0.1 sec
04-10 08:19:40 Epoch: 1 source_val-Loss: 1.0648 source_val-Acc: 0.7078, Cost 0.0 sec
04-10 08:19:40 Epoch: 1 target_val-Loss: 1.3171 target_val-Acc: 0.6130, Cost 0.0 sec
04-10 08:19:40 -----Epoch 2/299-----
04-10 08:19:40 current lr: [0.001, 0.001, 0.001]
04-10 08:19:40 Epoch: 2 [640/1231], Train Loss: 1.4680 Train Acc: 0.4726,9912.5 examples/sec 0.01 sec/batch
04-10 08:19:40 Epoch: 2 source_train-Loss: 0.9659 source_train-Acc: 0.6328, Cost 0.1 sec
04-10 08:19:40 Epoch: 2 source_val-Loss: 0.5814 source_val-Acc: 0.8117, Cost 0.0 sec
04-10 08:19:40 Epoch: 2 target_val-Loss: 0.7660 target_val-Acc: 0.7778, Cost 0.0 sec
04-10 08:19:40 -----Epoch 3/299-----
04-10 08:19:40 current lr: [0.001, 0.001, 0.001]
04-10 08:19:41 Epoch: 3 source_train-Loss: 0.6345 source_train-Acc: 0.7392, Cost 0.1 sec
04-10 08:19:41 Epoch: 3 source_val-Loss: 0.3940 source_val-Acc: 0.8506, Cost 0.0 sec
04-10 08:19:41 Epoch: 3 target_val-Loss: 0.4567 target_val-Acc: 0.7893, Cost 0.0 sec
04-10 08:19:41 -----Epoch 4/299-----
04-10 08:19:41 current lr: [0.001, 0.001, 0.001]
04-10 08:19:41 Epoch: 4 source_train-Loss: 0.5696 source_train-Acc: 0.7685, Cost 0.1 sec
04-10 08:19:41 Epoch: 4 source_val-Loss: 0.4038 source_val-Acc: 0.8279, Cost 0.0 sec
04-10 08:19:41 Epoch: 4 target_val-Loss: 0.5869 target_val-Acc: 0.7395, Cost 0.0 sec
04-10 08:19:41 -----Epoch 5/299-----
04-10 08:19:41 current lr: [0.001, 0.001, 0.001]
04-10 08:19:41 Epoch: 5 [0/1231], Train Loss: 0.6439 Train Acc: 0.7393,9312.1 examples/sec 0.01 sec/batch
04-10 08:19:41 Epoch: 5 source_train-Loss: 0.3839 source_train-Acc: 0.8351, Cost 0.1 sec
04-10 08:19:41 Epoch: 5 source_val-Loss: 0.2456 source_val-Acc: 0.8571, Cost 0.0 sec
04-10 08:19:41 Epoch: 5 target_val-Loss: 0.5134 target_val-Acc: 0.8008, Cost 0.0 sec
04-10 08:19:41 -----Epoch 6/299-----
04-10 08:19:41 current lr: [0.001, 0.001, 0.001]
04-10 08:19:41 Epoch: 6 source_train-Loss: 0.3154 source_train-Acc: 0.8603, Cost 0.1 sec
04-10 08:19:41 Epoch: 6 source_val-Loss: 0.1858 source_val-Acc: 0.8929, Cost 0.0 sec
04-10 08:19:41 Epoch: 6 target_val-Loss: 0.2275 target_val-Acc: 0.9042, Cost 0.0 sec
04-10 08:19:41 -----Epoch 7/299-----
04-10 08:19:41 current lr: [0.001, 0.001, 0.001]
04-10 08:19:41 Epoch: 7 [640/1231], Train Loss: 0.3424 Train Acc: 0.8488,10235.7 examples/sec 0.01 sec/batch
04-10 08:19:41 Epoch: 7 source_train-Loss: 0.3372 source_train-Acc: 0.8465, Cost 0.1 sec
04-10 08:19:41 Epoch: 7 source_val-Loss: 0.1864 source_val-Acc: 0.9221, Cost 0.0 sec
04-10 08:19:41 Epoch: 7 target_val-Loss: 0.3358 target_val-Acc: 0.8736, Cost 0.0 sec
04-10 08:19:41 -----Epoch 8/299-----
04-10 08:19:41 current lr: [0.001, 0.001, 0.001]
04-10 08:19:41 Epoch: 8 source_train-Loss: 0.2797 source_train-Acc: 0.8806, Cost 0.1 sec
04-10 08:19:41 Epoch: 8 source_val-Loss: 0.1508 source_val-Acc: 0.9091, Cost 0.0 sec
04-10 08:19:41 Epoch: 8 target_val-Loss: 0.2850 target_val-Acc: 0.8467, Cost 0.0 sec
04-10 08:19:41 -----Epoch 9/299-----
04-10 08:19:41 current lr: [0.001, 0.001, 0.001]
04-10 08:19:41 Epoch: 9 source_train-Loss: 0.2059 source_train-Acc: 0.9188, Cost 0.1 sec
04-10 08:19:41 Epoch: 9 source_val-Loss: 0.1060 source_val-Acc: 0.9838, Cost 0.0 sec
04-10 08:19:41 Epoch: 9 target_val-Loss: 0.2630 target_val-Acc: 0.9272, Cost 0.0 sec
04-10 08:19:41 -----Epoch 10/299-----
04-10 08:19:41 current lr: [0.001, 0.001, 0.001]
04-10 08:19:41 Epoch: 10 [0/1231], Train Loss: 0.2589 Train Acc: 0.8906,8843.4 examples/sec 0.01 sec/batch
04-10 08:19:41 Epoch: 10 source_train-Loss: 0.1617 source_train-Acc: 0.9310, Cost 0.1 sec
04-10 08:19:41 Epoch: 10 source_val-Loss: 0.0879 source_val-Acc: 0.9578, Cost 0.0 sec
04-10 08:19:41 Epoch: 10 target_val-Loss: 0.2188 target_val-Acc: 0.8774, Cost 0.0 sec
04-10 08:19:41 -----Epoch 11/299-----
04-10 08:19:41 current lr: [0.001, 0.001, 0.001]
04-10 08:19:42 Epoch: 11 source_train-Loss: 0.1448 source_train-Acc: 0.9464, Cost 0.1 sec
04-10 08:19:42 Epoch: 11 source_val-Loss: 0.0547 source_val-Acc: 0.9870, Cost 0.0 sec
04-10 08:19:42 Epoch: 11 target_val-Loss: 0.0915 target_val-Acc: 0.9847, Cost 0.0 sec
04-10 08:19:42 -----Epoch 12/299-----
04-10 08:19:42 current lr: [0.001, 0.001, 0.001]
04-10 08:19:42 Epoch: 12 [640/1231], Train Loss: 0.1548 Train Acc: 0.9355,10111.1 examples/sec 0.01 sec/batch
04-10 08:19:42 Epoch: 12 source_train-Loss: 0.1526 source_train-Acc: 0.9374, Cost 0.1 sec
04-10 08:19:42 Epoch: 12 source_val-Loss: 0.0397 source_val-Acc: 0.9968, Cost 0.0 sec
04-10 08:19:42 Epoch: 12 target_val-Loss: 0.0704 target_val-Acc: 0.9885, Cost 0.0 sec
04-10 08:19:42 -----Epoch 13/299-----
04-10 08:19:42 current lr: [0.001, 0.001, 0.001]
04-10 08:19:42 Epoch: 13 source_train-Loss: 0.1268 source_train-Acc: 0.9602, Cost 0.1 sec
04-10 08:19:42 Epoch: 13 source_val-Loss: 0.0362 source_val-Acc: 0.9935, Cost 0.0 sec
04-10 08:19:42 Epoch: 13 target_val-Loss: 0.0444 target_val-Acc: 0.9923, Cost 0.0 sec
04-10 08:19:42 -----Epoch 14/299-----
04-10 08:19:42 current lr: [0.001, 0.001, 0.001]
04-10 08:19:42 Epoch: 14 source_train-Loss: 0.1041 source_train-Acc: 0.9618, Cost 0.1 sec
04-10 08:19:42 Epoch: 14 source_val-Loss: 0.0119 source_val-Acc: 1.0000, Cost 0.0 sec
04-10 08:19:42 Epoch: 14 target_val-Loss: 0.0599 target_val-Acc: 0.9808, Cost 0.0 sec
04-10 08:19:42 -----Epoch 15/299-----
04-10 08:19:42 current lr: [0.001, 0.001, 0.001]
04-10 08:19:42 Epoch: 15 [0/1231], Train Loss: 0.1191 Train Acc: 0.9607,9316.2 examples/sec 0.01 sec/batch
04-10 08:19:42 Epoch: 15 source_train-Loss: 0.1054 source_train-Acc: 0.9667, Cost 0.1 sec
04-10 08:19:42 Epoch: 15 source_val-Loss: 0.0261 source_val-Acc: 0.9968, Cost 0.0 sec
04-10 08:19:42 Epoch: 15 target_val-Loss: 0.0498 target_val-Acc: 0.9885, Cost 0.0 sec
04-10 08:19:42 -----Epoch 16/299-----
04-10 08:19:42 current lr: [0.001, 0.001, 0.001]
04-10 08:19:42 Epoch: 16 source_train-Loss: 0.0637 source_train-Acc: 0.9773, Cost 0.1 sec
04-10 08:19:42 Epoch: 16 source_val-Loss: 0.0055 source_val-Acc: 1.0000, Cost 0.0 sec
04-10 08:19:42 Epoch: 16 target_val-Loss: 0.0249 target_val-Acc: 0.9962, Cost 0.0 sec
04-10 08:19:42 -----Epoch 17/299-----
04-10 08:19:42 current lr: [0.001, 0.001, 0.001]
04-10 08:19:42 Epoch: 17 [640/1231], Train Loss: 0.0753 Train Acc: 0.9745,10161.7 examples/sec 0.01 sec/batch
04-10 08:19:42 Epoch: 17 source_train-Loss: 0.0400 source_train-Acc: 0.9854, Cost 0.1 sec
04-10 08:19:42 Epoch: 17 source_val-Loss: 0.0023 source_val-Acc: 1.0000, Cost 0.0 sec
04-10 08:19:42 Epoch: 17 target_val-Loss: 0.0290 target_val-Acc: 0.9962, Cost 0.0 sec
04-10 08:19:42 -----Epoch 18/299-----
04-10 08:19:42 current lr: [0.001, 0.001, 0.001]
04-10 08:19:42 Epoch: 18 source_train-Loss: 0.0429 source_train-Acc: 0.9886, Cost 0.1 sec
04-10 08:19:42 Epoch: 18 source_val-Loss: 0.0052 source_val-Acc: 1.0000, Cost 0.0 sec
04-10 08:19:43 Epoch: 18 target_val-Loss: 0.0103 target_val-Acc: 1.0000, Cost 0.0 sec
04-10 08:19:43 -----Epoch 19/299-----
04-10 08:19:43 current lr: [0.001, 0.001, 0.001]
04-10 08:19:43 Epoch: 19 source_train-Loss: 0.0373 source_train-Acc: 0.9854, Cost 0.1 sec
04-10 08:19:43 Epoch: 19 source_val-Loss: 0.0038 source_val-Acc: 1.0000, Cost 0.0 sec
04-10 08:19:43 Epoch: 19 target_val-Loss: 0.0748 target_val-Acc: 0.9693, Cost 0.0 sec
04-10 08:19:43 -----Epoch 20/299-----
04-10 08:19:43 current lr: [0.001, 0.001, 0.001]
04-10 08:19:43 Epoch: 20 [0/1231], Train Loss: 0.0395 Train Acc: 0.9869,9238.3 examples/sec 0.01 sec/batch
04-10 08:19:43 Epoch: 20 source_train-Loss: 0.0363 source_train-Acc: 0.9903, Cost 0.1 sec
04-10 08:19:43 Epoch: 20 source_val-Loss: 0.0044 source_val-Acc: 1.0000, Cost 0.0 sec
04-10 08:19:43 Epoch: 20 target_val-Loss: 0.0502 target_val-Acc: 0.9770, Cost 0.0 sec
04-10 08:19:43 -----Epoch 21/299-----
04-10 08:19:43 current lr: [0.001, 0.001, 0.001]
04-10 08:19:43 Epoch: 21 source_train-Loss: 0.0368 source_train-Acc: 0.9862, Cost 0.1 sec
04-10 08:19:43 Epoch: 21 source_val-Loss: 0.0051 source_val-Acc: 0.9968, Cost 0.0 sec
04-10 08:19:43 Epoch: 21 target_val-Loss: 0.0175 target_val-Acc: 1.0000, Cost 0.0 sec
04-10 08:19:43 -----Epoch 22/299-----
04-10 08:19:43 current lr: [0.001, 0.001, 0.001]
04-10 08:19:43 Epoch: 22 [640/1231], Train Loss: 0.0389 Train Acc: 0.9868,10239.5 examples/sec 0.01 sec/batch
04-10 08:19:43 Epoch: 22 source_train-Loss: 0.0459 source_train-Acc: 0.9838, Cost 0.1 sec
