04-14 11:18:37 imba: False
04-14 11:18:37 model_name: CORAL
04-14 11:18:37 Domain: Cross-machine
04-14 11:18:37 source: JNU_2
04-14 11:18:37 target: CWRU_0
04-14 11:18:37 data_dir: ./datasets
04-14 11:18:37 train_mode: single_source
04-14 11:18:37 cuda_device: 0
04-14 11:18:37 save_dir: ./ckpt/CORAL/single_source
04-14 11:18:37 max_epoch: 100
04-14 11:18:37 batch_size: 64
04-14 11:18:37 num_workers: 0
04-14 11:18:37 signal_size: 2048
04-14 11:18:37 random_state: 75
04-14 11:18:37 normlizetype: mean-std
04-14 11:18:37 opt: sgd
04-14 11:18:37 lr: 0.001
04-14 11:18:37 momentum: 0.9
04-14 11:18:37 betas: (0.9, 0.999)
04-14 11:18:37 weight_decay: 0.0005
04-14 11:18:37 lr_scheduler: stepLR
04-14 11:18:37 gamma: 0.2
04-14 11:18:37 steps: 10
04-14 11:18:37 tradeoff: ['exp', 'exp', 'exp']
04-14 11:18:37 dropout: 0.0
04-14 11:18:37 save: False
04-14 11:18:37 load_path: 
04-14 11:18:37 tsne: False
04-14 11:18:37 save_path: ./ckpt/CORAL/single_source/[JNU_2]To[CWRU_0]_0414-111837
04-14 11:18:37 Detect 4 classes: ['1normal', 'ball', 'inner', 'outer']
04-14 11:18:37 using 1 / 1 gpus
Loading source: JNU, Condition: 2
Source Data Distribution:
04-14 11:18:47 Source set JNU_2 number of samples 976.
+--------------+---------+
| Label        |   Count |
|--------------+---------|
| 0            |     244 |
| 1            |     244 |
| 2            |     244 |
| 3            |     244 |
| Dataset Size |     976 |
+--------------+---------+
Setting up target: CWRU, Condition: 0
Target Data Distribution:
04-14 11:18:47 target training set number of samples 348.+--------------+---------+-------+
|              |   train |   val |
|--------------+---------+-------|
| 0            |      87 |    87 |
| 1            |      87 |    87 |
| 2            |      87 |    87 |
| 3            |      87 |    87 |
| Dataset Size |     348 |   348 |
+--------------+---------+-------+

04-14 11:18:47 target validation set number of samples 348.
04-14 11:18:47 -----Epoch 1/100-----
04-14 11:18:47 current lr: [0.001]
  0%|          | 0/5 [00:00<?, ?it/s] 60%|######    | 3/5 [00:00<00:00, 25.06it/s]100%|##########| 5/5 [00:00<00:00, 28.59it/s]
04-14 11:18:48 Train-Loss Source Classifier: 1.3917
04-14 11:18:48 Train-Loss CORAL: 1.7558
04-14 11:18:48 Train-Acc Source Data: 0.2594
  0%|          | 0/6 [00:00<?, ?it/s]100%|##########| 6/6 [00:00<00:00, 164.97it/s]
04-14 11:18:48 Val-Acc Target Data: 0.2266
04-14 11:18:48 The best model epoch 1, val-acc 0.2266
04-14 11:18:48 -----Epoch 2/100-----
04-14 11:18:48 current lr: [0.001]
  0%|          | 0/5 [00:00<?, ?it/s] 80%|########  | 4/5 [00:00<00:00, 37.48it/s]100%|##########| 5/5 [00:00<00:00, 35.98it/s]
04-14 11:18:48 Train-Loss Source Classifier: 1.3300
04-14 11:18:48 Train-Loss CORAL: 1.9321
04-14 11:18:48 Train-Acc Source Data: 0.2594
  0%|          | 0/6 [00:00<?, ?it/s]100%|##########| 6/6 [00:00<00:00, 158.91it/s]
04-14 11:18:48 Val-Acc Target Data: 0.2266
04-14 11:18:48 The best model epoch 2, val-acc 0.2266
04-14 11:18:48 -----Epoch 3/100-----
04-14 11:18:48 current lr: [0.001]
  0%|          | 0/5 [00:00<?, ?it/s] 80%|########  | 4/5 [00:00<00:00, 38.06it/s]100%|##########| 5/5 [00:00<00:00, 37.65it/s]
04-14 11:18:48 Train-Loss Source Classifier: 1.2493
04-14 11:18:48 Train-Loss CORAL: 1.9169
04-14 11:18:48 Train-Acc Source Data: 0.3031
  0%|          | 0/6 [00:00<?, ?it/s]100%|##########| 6/6 [00:00<00:00, 164.64it/s]
04-14 11:18:48 Val-Acc Target Data: 0.2422
04-14 11:18:48 The best model epoch 3, val-acc 0.2422
04-14 11:18:48 -----Epoch 4/100-----
04-14 11:18:48 current lr: [0.001]
  0%|          | 0/5 [00:00<?, ?it/s] 80%|########  | 4/5 [00:00<00:00, 36.45it/s]100%|##########| 5/5 [00:00<00:00, 35.93it/s]
04-14 11:18:48 Train-Loss Source Classifier: 1.2076
04-14 11:18:48 Train-Loss CORAL: 1.6020
04-14 11:18:48 Train-Acc Source Data: 0.3438
  0%|          | 0/6 [00:00<?, ?it/s]100%|##########| 6/6 [00:00<00:00, 162.48it/s]
04-14 11:18:48 Val-Acc Target Data: 0.2448
04-14 11:18:48 The best model epoch 4, val-acc 0.2448
04-14 11:18:48 -----Epoch 5/100-----
04-14 11:18:48 current lr: [0.001]
  0%|          | 0/5 [00:00<?, ?it/s] 80%|########  | 4/5 [00:00<00:00, 36.36it/s]100%|##########| 5/5 [00:00<00:00, 36.79it/s]
04-14 11:18:48 Train-Loss Source Classifier: 1.1542
04-14 11:18:48 Train-Loss CORAL: 1.3866
04-14 11:18:48 Train-Acc Source Data: 0.5656
  0%|          | 0/6 [00:00<?, ?it/s]100%|##########| 6/6 [00:00<00:00, 165.59it/s]
04-14 11:18:48 Val-Acc Target Data: 0.2839
04-14 11:18:48 The best model epoch 5, val-acc 0.2839
04-14 11:18:48 -----Epoch 6/100-----
04-14 11:18:48 current lr: [0.001]
  0%|          | 0/5 [00:00<?, ?it/s] 80%|########  | 4/5 [00:00<00:00, 36.69it/s]100%|##########| 5/5 [00:00<00:00, 37.78it/s]
04-14 11:18:48 Train-Loss Source Classifier: 1.1031
04-14 11:18:48 Train-Loss CORAL: 1.1310
04-14 11:18:48 Train-Acc Source Data: 0.6375
  0%|          | 0/6 [00:00<?, ?it/s]100%|##########| 6/6 [00:00<00:00, 164.58it/s]
04-14 11:18:49 Val-Acc Target Data: 0.2865
04-14 11:18:49 The best model epoch 6, val-acc 0.2865
04-14 11:18:49 -----Epoch 7/100-----
04-14 11:18:49 current lr: [0.001]
  0%|          | 0/5 [00:00<?, ?it/s] 80%|########  | 4/5 [00:00<00:00, 36.55it/s]100%|##########| 5/5 [00:00<00:00, 37.10it/s]
04-14 11:18:49 Train-Loss Source Classifier: 1.0285
04-14 11:18:49 Train-Loss CORAL: 0.8411
04-14 11:18:49 Train-Acc Source Data: 0.6719
  0%|          | 0/6 [00:00<?, ?it/s]100%|##########| 6/6 [00:00<00:00, 157.29it/s]
04-14 11:18:49 Val-Acc Target Data: 0.2422
04-14 11:18:49 The best model epoch 6, val-acc 0.2865
04-14 11:18:49 -----Epoch 8/100-----
04-14 11:18:49 current lr: [0.001]
  0%|          | 0/5 [00:00<?, ?it/s] 80%|########  | 4/5 [00:00<00:00, 36.71it/s]100%|##########| 5/5 [00:00<00:00, 36.32it/s]
04-14 11:18:49 Train-Loss Source Classifier: 0.9583
04-14 11:18:49 Train-Loss CORAL: 0.7068
04-14 11:18:49 Train-Acc Source Data: 0.7906
  0%|          | 0/6 [00:00<?, ?it/s]100%|##########| 6/6 [00:00<00:00, 155.81it/s]
04-14 11:18:49 Val-Acc Target Data: 0.2578
04-14 11:18:49 The best model epoch 6, val-acc 0.2865
04-14 11:18:49 -----Epoch 9/100-----
04-14 11:18:49 current lr: [0.001]
  0%|          | 0/5 [00:00<?, ?it/s] 80%|########  | 4/5 [00:00<00:00, 36.90it/s]100%|##########| 5/5 [00:00<00:00, 36.27it/s]
04-14 11:18:49 Train-Loss Source Classifier: 0.8926
04-14 11:18:49 Train-Loss CORAL: 0.5540
04-14 11:18:49 Train-Acc Source Data: 0.7812
  0%|          | 0/6 [00:00<?, ?it/s]100%|##########| 6/6 [00:00<00:00, 165.96it/s]
04-14 11:18:49 Val-Acc Target Data: 0.2969
04-14 11:18:49 The best model epoch 9, val-acc 0.2969
04-14 11:18:49 -----Epoch 10/100-----
04-14 11:18:49 current lr: [0.001]
  0%|          | 0/5 [00:00<?, ?it/s] 80%|########  | 4/5 [00:00<00:00, 36.20it/s]100%|##########| 5/5 [00:00<00:00, 37.09it/s]
04-14 11:18:49 Train-Loss Source Classifier: 0.8348
04-14 11:18:49 Train-Loss CORAL: 0.4557
04-14 11:18:49 Train-Acc Source Data: 0.7094
  0%|          | 0/6 [00:00<?, ?it/s]100%|##########| 6/6 [00:00<00:00, 163.59it/s]
04-14 11:18:49 Val-Acc Target Data: 0.2552
04-14 11:18:49 The best model epoch 9, val-acc 0.2969
04-14 11:18:49 -----Epoch 11/100-----
04-14 11:18:49 current lr: [0.0002]
  0%|          | 0/5 [00:00<?, ?it/s] 80%|########  | 4/5 [00:00<00:00, 36.33it/s]100%|##########| 5/5 [00:00<00:00, 35.67it/s]
04-14 11:18:49 Train-Loss Source Classifier: 0.8023
04-14 11:18:49 Train-Loss CORAL: 0.4095
04-14 11:18:49 Train-Acc Source Data: 0.8156
  0%|          | 0/6 [00:00<?, ?it/s]100%|##########| 6/6 [00:00<00:00, 156.95it/s]
04-14 11:18:49 Val-Acc Target Data: 0.2474
04-14 11:18:49 The best model epoch 9, val-acc 0.2969
04-14 11:18:49 -----Epoch 12/100-----
04-14 11:18:49 current lr: [0.0002]
  0%|          | 0/5 [00:00<?, ?it/s] 80%|########  | 4/5 [00:00<00:00, 37.10it/s]100%|##########| 5/5 [00:00<00:00, 36.85it/s]
04-14 11:18:50 Train-Loss Source Classifier: 0.7797
04-14 11:18:50 Train-Loss CORAL: 0.3846
04-14 11:18:50 Train-Acc Source Data: 0.8406
  0%|          | 0/6 [00:00<?, ?it/s]100%|##########| 6/6 [00:00<00:00, 162.00it/s]
04-14 11:18:50 Val-Acc Target Data: 0.2422
04-14 11:18:50 The best model epoch 9, val-acc 0.2969
04-14 11:18:50 -----Epoch 13/100-----
04-14 11:18:50 current lr: [0.0002]
  0%|          | 0/5 [00:00<?, ?it/s] 80%|########  | 4/5 [00:00<00:00, 36.28it/s]100%|##########| 5/5 [00:00<00:00, 37.42it/s]
04-14 11:18:50 Train-Loss Source Classifier: 0.7498
04-14 11:18:50 Train-Loss CORAL: 0.3659
04-14 11:18:50 Train-Acc Source Data: 0.8406
  0%|          | 0/6 [00:00<?, ?it/s]100%|##########| 6/6 [00:00<00:00, 162.42it/s]
04-14 11:18:50 Val-Acc Target Data: 0.2500
04-14 11:18:50 The best model epoch 9, val-acc 0.2969
04-14 11:18:50 -----Epoch 14/100-----
04-14 11:18:50 current lr: [0.0002]
  0%|          | 0/5 [00:00<?, ?it/s] 80%|########  | 4/5 [00:00<00:00, 36.78it/s]100%|##########| 5/5 [00:00<00:00, 38.07it/s]
04-14 11:18:50 Train-Loss Source Classifier: 0.7493
04-14 11:18:50 Train-Loss CORAL: 0.3708
04-14 11:18:50 Train-Acc Source Data: 0.8125
  0%|          | 0/6 [00:00<?, ?it/s]100%|##########| 6/6 [00:00<00:00, 163.11it/s]
04-14 11:18:50 Val-Acc Target Data: 0.2891
04-14 11:18:50 The best model epoch 9, val-acc 0.2969
04-14 11:18:50 -----Epoch 15/100-----
04-14 11:18:50 current lr: [0.0002]
  0%|          | 0/5 [00:00<?, ?it/s] 80%|########  | 4/5 [00:00<00:00, 37.70it/s]100%|##########| 5/5 [00:00<00:00, 36.84it/s]
04-14 11:18:50 Train-Loss Source Classifier: 0.7333
04-14 11:18:50 Train-Loss CORAL: 0.3587
04-14 11:18:50 Train-Acc Source Data: 0.8375
  0%|          | 0/6 [00:00<?, ?it/s]100%|##########| 6/6 [00:00<00:00, 157.53it/s]
04-14 11:18:50 Val-Acc Target Data: 0.2630
04-14 11:18:50 The best model epoch 9, val-acc 0.2969
04-14 11:18:50 -----Epoch 16/100-----
04-14 11:18:50 current lr: [0.0002]
  0%|          | 0/5 [00:00<?, ?it/s] 80%|########  | 4/5 [00:00<00:00, 37.34it/s]100%|##########| 5/5 [00:00<00:00, 38.44it/s]
04-14 11:18:50 Train-Loss Source Classifier: 0.7332
04-14 11:18:50 Train-Loss CORAL: 0.3469
04-14 11:18:50 Train-Acc Source Data: 0.8469
  0%|          | 0/6 [00:00<?, ?it/s]100%|##########| 6/6 [00:00<00:00, 163.91it/s]
04-14 11:18:50 Val-Acc Target Data: 0.2474
04-14 11:18:50 The best model epoch 9, val-acc 0.2969
04-14 11:18:50 -----Epoch 17/100-----
04-14 11:18:50 current lr: [0.0002]
  0%|          | 0/5 [00:00<?, ?it/s] 80%|########  | 4/5 [00:00<00:00, 37.96it/s]100%|##########| 5/5 [00:00<00:00, 36.79it/s]
04-14 11:18:50 Train-Loss Source Classifier: 0.7019
04-14 11:18:50 Train-Loss CORAL: 0.3289
04-14 11:18:50 Train-Acc Source Data: 0.8781
  0%|          | 0/6 [00:00<?, ?it/s]100%|##########| 6/6 [00:00<00:00, 162.62it/s]
04-14 11:18:51 Val-Acc Target Data: 0.2526
04-14 11:18:51 The best model epoch 9, val-acc 0.2969
04-14 11:18:51 -----Epoch 18/100-----
04-14 11:18:51 current lr: [0.0002]
  0%|          | 0/5 [00:00<?, ?it/s] 80%|########  | 4/5 [00:00<00:00, 36.74it/s]100%|##########| 5/5 [00:00<00:00, 37.31it/s]
04-14 11:18:51 Train-Loss Source Classifier: 0.6838
04-14 11:18:51 Train-Loss CORAL: 0.3314
04-14 11:18:51 Train-Acc Source Data: 0.8812
  0%|          | 0/6 [00:00<?, ?it/s]100%|##########| 6/6 [00:00<00:00, 168.53it/s]
04-14 11:18:51 Val-Acc Target Data: 0.2474
04-14 11:18:51 The best model epoch 9, val-acc 0.2969
04-14 11:18:51 -----Epoch 19/100-----
04-14 11:18:51 current lr: [0.0002]
  0%|          | 0/5 [00:00<?, ?it/s] 80%|########  | 4/5 [00:00<00:00, 38.53it/s]100%|##########| 5/5 [00:00<00:00, 37.77it/s]
04-14 11:18:51 Train-Loss Source Classifier: 0.6894
04-14 11:18:51 Train-Loss CORAL: 0.3271
04-14 11:18:51 Train-Acc Source Data: 0.8781
  0%|          | 0/6 [00:00<?, ?it/s]100%|##########| 6/6 [00:00<00:00, 158.57it/s]
04-14 11:18:51 Val-Acc Target Data: 0.2500
04-14 11:18:51 The best model epoch 9, val-acc 0.2969
04-14 11:18:51 -----Epoch 20/100-----
04-14 11:18:51 current lr: [0.0002]
  0%|          | 0/5 [00:00<?, ?it/s] 80%|########  | 4/5 [00:00<00:00, 37.96it/s]100%|##########| 5/5 [00:00<00:00, 37.62it/s]
04-14 11:18:51 Train-Loss Source Classifier: 0.6705
04-14 11:18:51 Train-Loss CORAL: 0.2959
04-14 11:18:51 Train-Acc Source Data: 0.8750
  0%|          | 0/6 [00:00<?, ?it/s]100%|##########| 6/6 [00:00<00:00, 164.92it/s]
04-14 11:18:51 Val-Acc Target Data: 0.2474
04-14 11:18:51 The best model epoch 9, val-acc 0.2969
04-14 11:18:51 -----Epoch 21/100-----
04-14 11:18:51 current lr: [4e-05]
  0%|          | 0/5 [00:00<?, ?it/s] 80%|########  | 4/5 [00:00<00:00, 38.21it/s]100%|##########| 5/5 [00:00<00:00, 38.52it/s]
04-14 11:18:51 Train-Loss Source Classifier: 0.6646
04-14 11:18:51 Train-Loss CORAL: 0.3012
04-14 11:18:51 Train-Acc Source Data: 0.8750
  0%|          | 0/6 [00:00<?, ?it/s]100%|##########| 6/6 [00:00<00:00, 151.56it/s]
04-14 11:18:51 Val-Acc Target Data: 0.2474
04-14 11:18:51 The best model epoch 9, val-acc 0.2969
04-14 11:18:51 -----Epoch 22/100-----
04-14 11:18:51 current lr: [4e-05]
  0%|          | 0/5 [00:00<?, ?it/s] 80%|########  | 4/5 [00:00<00:00, 39.28it/s]100%|##########| 5/5 [00:00<00:00, 38.47it/s]
04-14 11:18:51 Train-Loss Source Classifier: 0.6240
04-14 11:18:51 Train-Loss CORAL: 0.2739
04-14 11:18:51 Train-Acc Source Data: 0.9000
  0%|          | 0/6 [00:00<?, ?it/s]100%|##########| 6/6 [00:00<00:00, 165.73it/s]
04-14 11:18:51 Val-Acc Target Data: 0.2474
04-14 11:18:51 The best model epoch 9, val-acc 0.2969
04-14 11:18:51 -----Epoch 23/100-----
04-14 11:18:51 current lr: [4e-05]
  0%|          | 0/5 [00:00<?, ?it/s] 80%|########  | 4/5 [00:00<00:00, 39.27it/s]100%|##########| 5/5 [00:00<00:00, 38.47it/s]
04-14 11:18:52 Train-Loss Source Classifier: 0.6800
04-14 11:18:52 Train-Loss CORAL: 0.3150
04-14 11:18:52 Train-Acc Source Data: 0.8656
  0%|          | 0/6 [00:00<?, ?it/s]100%|##########| 6/6 [00:00<00:00, 170.94it/s]
04-14 11:18:52 Val-Acc Target Data: 0.2500
04-14 11:18:52 The best model epoch 9, val-acc 0.2969
04-14 11:18:52 -----Epoch 24/100-----
04-14 11:18:52 current lr: [4e-05]
  0%|          | 0/5 [00:00<?, ?it/s] 80%|########  | 4/5 [00:00<00:00, 37.77it/s]100%|##########| 5/5 [00:00<00:00, 38.31it/s]
04-14 11:18:52 Train-Loss Source Classifier: 0.6684
04-14 11:18:52 Train-Loss CORAL: 0.2908
04-14 11:18:52 Train-Acc Source Data: 0.8688
  0%|          | 0/6 [00:00<?, ?it/s]100%|##########| 6/6 [00:00<00:00, 172.09it/s]
04-14 11:18:52 Val-Acc Target Data: 0.2526
04-14 11:18:52 The best model epoch 9, val-acc 0.2969
04-14 11:18:52 -----Epoch 25/100-----
04-14 11:18:52 current lr: [4e-05]
  0%|          | 0/5 [00:00<?, ?it/s] 80%|########  | 4/5 [00:00<00:00, 37.94it/s]100%|##########| 5/5 [00:00<00:00, 38.30it/s]
04-14 11:18:52 Train-Loss Source Classifier: 0.6483
04-14 11:18:52 Train-Loss CORAL: 0.2865
04-14 11:18:52 Train-Acc Source Data: 0.8688
  0%|          | 0/6 [00:00<?, ?it/s]100%|##########| 6/6 [00:00<00:00, 173.42it/s]
04-14 11:18:52 Val-Acc Target Data: 0.2526
04-14 11:18:52 The best model epoch 9, val-acc 0.2969
04-14 11:18:52 -----Epoch 26/100-----
04-14 11:18:52 current lr: [4e-05]
  0%|          | 0/5 [00:00<?, ?it/s] 80%|########  | 4/5 [00:00<00:00, 38.71it/s]100%|##########| 5/5 [00:00<00:00, 38.29it/s]
04-14 11:18:52 Train-Loss Source Classifier: 0.6493
04-14 11:18:52 Train-Loss CORAL: 0.2721
04-14 11:18:52 Train-Acc Source Data: 0.9000
  0%|          | 0/6 [00:00<?, ?it/s]100%|##########| 6/6 [00:00<00:00, 167.78it/s]
04-14 11:18:52 Val-Acc Target Data: 0.2526
04-14 11:18:52 The best model epoch 9, val-acc 0.2969
04-14 11:18:52 -----Epoch 27/100-----
04-14 11:18:52 current lr: [4e-05]
  0%|          | 0/5 [00:00<?, ?it/s] 80%|########  | 4/5 [00:00<00:00, 39.18it/s]100%|##########| 5/5 [00:00<00:00, 38.08it/s]
04-14 11:18:52 Train-Loss Source Classifier: 0.6610
04-14 11:18:52 Train-Loss CORAL: 0.2973
04-14 11:18:52 Train-Acc Source Data: 0.8781
  0%|          | 0/6 [00:00<?, ?it/s]100%|##########| 6/6 [00:00<00:00, 168.02it/s]
04-14 11:18:52 Val-Acc Target Data: 0.2526
04-14 11:18:52 The best model epoch 9, val-acc 0.2969
04-14 11:18:52 -----Epoch 28/100-----
04-14 11:18:52 current lr: [4e-05]
  0%|          | 0/5 [00:00<?, ?it/s] 80%|########  | 4/5 [00:00<00:00, 38.03it/s]100%|##########| 5/5 [00:00<00:00, 37.99it/s]
04-14 11:18:52 Train-Loss Source Classifier: 0.6440
04-14 11:18:52 Train-Loss CORAL: 0.3001
04-14 11:18:52 Train-Acc Source Data: 0.8938
  0%|          | 0/6 [00:00<?, ?it/s]100%|##########| 6/6 [00:00<00:00, 169.01it/s]
04-14 11:18:52 Val-Acc Target Data: 0.2526
04-14 11:18:52 The best model epoch 9, val-acc 0.2969
04-14 11:18:52 -----Epoch 29/100-----
04-14 11:18:52 current lr: [4e-05]
  0%|          | 0/5 [00:00<?, ?it/s] 80%|########  | 4/5 [00:00<00:00, 38.05it/s]100%|##########| 5/5 [00:00<00:00, 38.37it/s]
04-14 11:18:53 Train-Loss Source Classifier: 0.6510
04-14 11:18:53 Train-Loss CORAL: 0.2603
04-14 11:18:53 Train-Acc Source Data: 0.8812
  0%|          | 0/6 [00:00<?, ?it/s]100%|##########| 6/6 [00:00<00:00, 169.87it/s]
04-14 11:18:53 Val-Acc Target Data: 0.2552
04-14 11:18:53 The best model epoch 9, val-acc 0.2969
04-14 11:18:53 -----Epoch 30/100-----
04-14 11:18:53 current lr: [4e-05]
  0%|          | 0/5 [00:00<?, ?it/s] 80%|########  | 4/5 [00:00<00:00, 38.53it/s]100%|##########| 5/5 [00:00<00:00, 38.57it/s]
04-14 11:18:53 Train-Loss Source Classifier: 0.6541
04-14 11:18:53 Train-Loss CORAL: 0.2700
04-14 11:18:53 Train-Acc Source Data: 0.8594
  0%|          | 0/6 [00:00<?, ?it/s]100%|##########| 6/6 [00:00<00:00, 169.71it/s]
04-14 11:18:53 Val-Acc Target Data: 0.2552
04-14 11:18:53 The best model epoch 9, val-acc 0.2969
04-14 11:18:53 -----Epoch 31/100-----
04-14 11:18:53 current lr: [8.000000000000001e-06]
  0%|          | 0/5 [00:00<?, ?it/s] 80%|########  | 4/5 [00:00<00:00, 38.27it/s]100%|##########| 5/5 [00:00<00:00, 38.25it/s]
04-14 11:18:53 Train-Loss Source Classifier: 0.6680
04-14 11:18:53 Train-Loss CORAL: 0.2676
04-14 11:18:53 Train-Acc Source Data: 0.8781
  0%|          | 0/6 [00:00<?, ?it/s]100%|##########| 6/6 [00:00<00:00, 170.39it/s]
04-14 11:18:53 Val-Acc Target Data: 0.2604
04-14 11:18:53 The best model epoch 9, val-acc 0.2969
04-14 11:18:53 -----Epoch 32/100-----
04-14 11:18:53 current lr: [8.000000000000001e-06]
  0%|          | 0/5 [00:00<?, ?it/s] 80%|########  | 4/5 [00:00<00:00, 38.86it/s]100%|##########| 5/5 [00:00<00:00, 37.50it/s]
04-14 11:18:53 Train-Loss Source Classifier: 0.6321
04-14 11:18:53 Train-Loss CORAL: 0.2703
04-14 11:18:53 Train-Acc Source Data: 0.8969
  0%|          | 0/6 [00:00<?, ?it/s]100%|##########| 6/6 [00:00<00:00, 170.16it/s]
04-14 11:18:53 Val-Acc Target Data: 0.2656
04-14 11:18:53 The best model epoch 9, val-acc 0.2969
04-14 11:18:53 -----Epoch 33/100-----
04-14 11:18:53 current lr: [8.000000000000001e-06]
  0%|          | 0/5 [00:00<?, ?it/s] 80%|########  | 4/5 [00:00<00:00, 39.07it/s]100%|##########| 5/5 [00:00<00:00, 38.39it/s]
04-14 11:18:53 Train-Loss Source Classifier: 0.6331
04-14 11:18:53 Train-Loss CORAL: 0.2832
04-14 11:18:53 Train-Acc Source Data: 0.8906
  0%|          | 0/6 [00:00<?, ?it/s]100%|##########| 6/6 [00:00<00:00, 168.43it/s]
04-14 11:18:53 Val-Acc Target Data: 0.2552
04-14 11:18:53 The best model epoch 9, val-acc 0.2969
04-14 11:18:53 -----Epoch 34/100-----
04-14 11:18:53 current lr: [8.000000000000001e-06]
  0%|          | 0/5 [00:00<?, ?it/s]100%|##########| 5/5 [00:00<00:00, 39.63it/s]100%|##########| 5/5 [00:00<00:00, 39.59it/s]
04-14 11:18:53 Train-Loss Source Classifier: 0.6723
04-14 11:18:53 Train-Loss CORAL: 0.2821
04-14 11:18:53 Train-Acc Source Data: 0.8750
  0%|          | 0/6 [00:00<?, ?it/s]100%|##########| 6/6 [00:00<00:00, 166.28it/s]
04-14 11:18:54 Val-Acc Target Data: 0.2552
04-14 11:18:54 The best model epoch 9, val-acc 0.2969
04-14 11:18:54 -----Epoch 35/100-----
04-14 11:18:54 current lr: [8.000000000000001e-06]
  0%|          | 0/5 [00:00<?, ?it/s] 80%|########  | 4/5 [00:00<00:00, 38.33it/s]100%|##########| 5/5 [00:00<00:00, 37.63it/s]
04-14 11:18:54 Train-Loss Source Classifier: 0.6264
04-14 11:18:54 Train-Loss CORAL: 0.2782
04-14 11:18:54 Train-Acc Source Data: 0.9031
  0%|          | 0/6 [00:00<?, ?it/s]100%|##########| 6/6 [00:00<00:00, 170.14it/s]
04-14 11:18:54 Val-Acc Target Data: 0.2552
04-14 11:18:54 The best model epoch 9, val-acc 0.2969
04-14 11:18:54 -----Epoch 36/100-----
04-14 11:18:54 current lr: [8.000000000000001e-06]
  0%|          | 0/5 [00:00<?, ?it/s] 80%|########  | 4/5 [00:00<00:00, 38.02it/s]100%|##########| 5/5 [00:00<00:00, 37.18it/s]
04-14 11:18:54 Train-Loss Source Classifier: 0.6301
04-14 11:18:54 Train-Loss CORAL: 0.2712
04-14 11:18:54 Train-Acc Source Data: 0.8812
  0%|          | 0/6 [00:00<?, ?it/s]100%|##########| 6/6 [00:00<00:00, 159.24it/s]
04-14 11:18:54 Val-Acc Target Data: 0.2526
04-14 11:18:54 The best model epoch 9, val-acc 0.2969
04-14 11:18:54 -----Epoch 37/100-----
04-14 11:18:54 current lr: [8.000000000000001e-06]
  0%|          | 0/5 [00:00<?, ?it/s] 80%|########  | 4/5 [00:00<00:00, 37.81it/s]100%|##########| 5/5 [00:00<00:00, 37.89it/s]
04-14 11:18:54 Train-Loss Source Classifier: 0.6618
04-14 11:18:54 Train-Loss CORAL: 0.2918
04-14 11:18:54 Train-Acc Source Data: 0.8688
  0%|          | 0/6 [00:00<?, ?it/s]100%|##########| 6/6 [00:00<00:00, 172.27it/s]
04-14 11:18:54 Val-Acc Target Data: 0.2526
04-14 11:18:54 The best model epoch 9, val-acc 0.2969
04-14 11:18:54 -----Epoch 38/100-----
04-14 11:18:54 current lr: [8.000000000000001e-06]
  0%|          | 0/5 [00:00<?, ?it/s] 80%|########  | 4/5 [00:00<00:00, 39.15it/s]100%|##########| 5/5 [00:00<00:00, 38.38it/s]
04-14 11:18:54 Train-Loss Source Classifier: 0.6343
04-14 11:18:54 Train-Loss CORAL: 0.2658
04-14 11:18:54 Train-Acc Source Data: 0.8875
  0%|          | 0/6 [00:00<?, ?it/s]100%|##########| 6/6 [00:00<00:00, 166.98it/s]
04-14 11:18:54 Val-Acc Target Data: 0.2500
04-14 11:18:54 The best model epoch 9, val-acc 0.2969
04-14 11:18:54 -----Epoch 39/100-----
04-14 11:18:54 current lr: [8.000000000000001e-06]
  0%|          | 0/5 [00:00<?, ?it/s] 80%|########  | 4/5 [00:00<00:00, 38.06it/s]100%|##########| 5/5 [00:00<00:00, 38.16it/s]
04-14 11:18:54 Train-Loss Source Classifier: 0.6344
04-14 11:18:54 Train-Loss CORAL: 0.2639
04-14 11:18:54 Train-Acc Source Data: 0.8938
  0%|          | 0/6 [00:00<?, ?it/s]100%|##########| 6/6 [00:00<00:00, 162.79it/s]
04-14 11:18:54 Val-Acc Target Data: 0.2656
04-14 11:18:54 The best model epoch 9, val-acc 0.2969
04-14 11:18:54 -----Epoch 40/100-----
04-14 11:18:54 current lr: [8.000000000000001e-06]
  0%|          | 0/5 [00:00<?, ?it/s] 80%|########  | 4/5 [00:00<00:00, 38.89it/s]100%|##########| 5/5 [00:00<00:00, 37.75it/s]
04-14 11:18:55 Train-Loss Source Classifier: 0.6560
04-14 11:18:55 Train-Loss CORAL: 0.2779
04-14 11:18:55 Train-Acc Source Data: 0.8719
  0%|          | 0/6 [00:00<?, ?it/s]100%|##########| 6/6 [00:00<00:00, 159.14it/s]
04-14 11:18:55 Val-Acc Target Data: 0.2656
04-14 11:18:55 The best model epoch 9, val-acc 0.2969
04-14 11:18:55 -----Epoch 41/100-----
04-14 11:18:55 current lr: [1.6000000000000004e-06]
  0%|          | 0/5 [00:00<?, ?it/s] 80%|########  | 4/5 [00:00<00:00, 37.94it/s]100%|##########| 5/5 [00:00<00:00, 38.12it/s]
04-14 11:18:55 Train-Loss Source Classifier: 0.6351
04-14 11:18:55 Train-Loss CORAL: 0.2822
04-14 11:18:55 Train-Acc Source Data: 0.8750
  0%|          | 0/6 [00:00<?, ?it/s]100%|##########| 6/6 [00:00<00:00, 167.02it/s]
04-14 11:18:55 Val-Acc Target Data: 0.2578
04-14 11:18:55 The best model epoch 9, val-acc 0.2969
04-14 11:18:55 -----Epoch 42/100-----
04-14 11:18:55 current lr: [1.6000000000000004e-06]
  0%|          | 0/5 [00:00<?, ?it/s] 80%|########  | 4/5 [00:00<00:00, 37.58it/s]100%|##########| 5/5 [00:00<00:00, 37.11it/s]
04-14 11:18:55 Train-Loss Source Classifier: 0.6300
04-14 11:18:55 Train-Loss CORAL: 0.2543
04-14 11:18:55 Train-Acc Source Data: 0.9125
  0%|          | 0/6 [00:00<?, ?it/s]100%|##########| 6/6 [00:00<00:00, 170.43it/s]
04-14 11:18:55 Val-Acc Target Data: 0.2552
04-14 11:18:55 The best model epoch 9, val-acc 0.2969
04-14 11:18:55 -----Epoch 43/100-----
04-14 11:18:55 current lr: [1.6000000000000004e-06]
  0%|          | 0/5 [00:00<?, ?it/s] 80%|########  | 4/5 [00:00<00:00, 38.77it/s]100%|##########| 5/5 [00:00<00:00, 37.60it/s]
04-14 11:18:55 Train-Loss Source Classifier: 0.6432
04-14 11:18:55 Train-Loss CORAL: 0.2721
04-14 11:18:55 Train-Acc Source Data: 0.8875
  0%|          | 0/6 [00:00<?, ?it/s]100%|##########| 6/6 [00:00<00:00, 160.71it/s]
04-14 11:18:55 Val-Acc Target Data: 0.2552
04-14 11:18:55 The best model epoch 9, val-acc 0.2969
04-14 11:18:55 -----Epoch 44/100-----
04-14 11:18:55 current lr: [1.6000000000000004e-06]
  0%|          | 0/5 [00:00<?, ?it/s] 80%|########  | 4/5 [00:00<00:00, 37.50it/s]100%|##########| 5/5 [00:00<00:00, 38.40it/s]
04-14 11:18:55 Train-Loss Source Classifier: 0.6215
04-14 11:18:55 Train-Loss CORAL: 0.2630
04-14 11:18:55 Train-Acc Source Data: 0.8969
  0%|          | 0/6 [00:00<?, ?it/s]100%|##########| 6/6 [00:00<00:00, 168.70it/s]
04-14 11:18:55 Val-Acc Target Data: 0.2604
04-14 11:18:55 The best model epoch 9, val-acc 0.2969
04-14 11:18:55 -----Epoch 45/100-----
04-14 11:18:55 current lr: [1.6000000000000004e-06]
  0%|          | 0/5 [00:00<?, ?it/s] 80%|########  | 4/5 [00:00<00:00, 38.41it/s]100%|##########| 5/5 [00:00<00:00, 37.49it/s]
04-14 11:18:55 Train-Loss Source Classifier: 0.6552
04-14 11:18:55 Train-Loss CORAL: 0.2766
04-14 11:18:55 Train-Acc Source Data: 0.8781
  0%|          | 0/6 [00:00<?, ?it/s]100%|##########| 6/6 [00:00<00:00, 167.85it/s]
04-14 11:18:55 Val-Acc Target Data: 0.2526
04-14 11:18:55 The best model epoch 9, val-acc 0.2969
04-14 11:18:55 -----Epoch 46/100-----
04-14 11:18:55 current lr: [1.6000000000000004e-06]
  0%|          | 0/5 [00:00<?, ?it/s] 80%|########  | 4/5 [00:00<00:00, 38.91it/s]100%|##########| 5/5 [00:00<00:00, 37.94it/s]
04-14 11:18:56 Train-Loss Source Classifier: 0.6522
04-14 11:18:56 Train-Loss CORAL: 0.2579
04-14 11:18:56 Train-Acc Source Data: 0.8812
  0%|          | 0/6 [00:00<?, ?it/s]100%|##########| 6/6 [00:00<00:00, 157.68it/s]
04-14 11:18:56 Val-Acc Target Data: 0.2656
04-14 11:18:56 The best model epoch 9, val-acc 0.2969
04-14 11:18:56 -----Epoch 47/100-----
04-14 11:18:56 current lr: [1.6000000000000004e-06]
  0%|          | 0/5 [00:00<?, ?it/s] 80%|########  | 4/5 [00:00<00:00, 38.21it/s]100%|##########| 5/5 [00:00<00:00, 37.73it/s]
04-14 11:18:56 Train-Loss Source Classifier: 0.6083
04-14 11:18:56 Train-Loss CORAL: 0.2790
04-14 11:18:56 Train-Acc Source Data: 0.9031
  0%|          | 0/6 [00:00<?, ?it/s]100%|##########| 6/6 [00:00<00:00, 168.05it/s]
04-14 11:18:56 Val-Acc Target Data: 0.2526
04-14 11:18:56 The best model epoch 9, val-acc 0.2969
04-14 11:18:56 -----Epoch 48/100-----
04-14 11:18:56 current lr: [1.6000000000000004e-06]
  0%|          | 0/5 [00:00<?, ?it/s] 80%|########  | 4/5 [00:00<00:00, 38.88it/s]100%|##########| 5/5 [00:00<00:00, 39.08it/s]
04-14 11:18:56 Train-Loss Source Classifier: 0.6640
04-14 11:18:56 Train-Loss CORAL: 0.2799
04-14 11:18:56 Train-Acc Source Data: 0.8625
  0%|          | 0/6 [00:00<?, ?it/s]100%|##########| 6/6 [00:00<00:00, 166.93it/s]
04-14 11:18:56 Val-Acc Target Data: 0.2526
04-14 11:18:56 The best model epoch 9, val-acc 0.2969
04-14 11:18:56 -----Epoch 49/100-----
04-14 11:18:56 current lr: [1.6000000000000004e-06]
  0%|          | 0/5 [00:00<?, ?it/s] 80%|########  | 4/5 [00:00<00:00, 38.70it/s]100%|##########| 5/5 [00:00<00:00, 37.94it/s]
04-14 11:18:56 Train-Loss Source Classifier: 0.6242
04-14 11:18:56 Train-Loss CORAL: 0.2929
04-14 11:18:56 Train-Acc Source Data: 0.9156
  0%|          | 0/6 [00:00<?, ?it/s]100%|##########| 6/6 [00:00<00:00, 166.48it/s]
04-14 11:18:56 Val-Acc Target Data: 0.2500
04-14 11:18:56 The best model epoch 9, val-acc 0.2969
04-14 11:18:56 -----Epoch 50/100-----
04-14 11:18:56 current lr: [1.6000000000000004e-06]
  0%|          | 0/5 [00:00<?, ?it/s] 80%|########  | 4/5 [00:00<00:00, 38.48it/s]100%|##########| 5/5 [00:00<00:00, 37.90it/s]
04-14 11:18:56 Train-Loss Source Classifier: 0.6565
04-14 11:18:56 Train-Loss CORAL: 0.2605
04-14 11:18:56 Train-Acc Source Data: 0.8781
  0%|          | 0/6 [00:00<?, ?it/s]100%|##########| 6/6 [00:00<00:00, 166.82it/s]
04-14 11:18:56 Val-Acc Target Data: 0.2552
04-14 11:18:56 The best model epoch 9, val-acc 0.2969
04-14 11:18:56 -----Epoch 51/100-----
04-14 11:18:56 current lr: [3.200000000000001e-07]
  0%|          | 0/5 [00:00<?, ?it/s] 80%|########  | 4/5 [00:00<00:00, 37.93it/s]100%|##########| 5/5 [00:00<00:00, 37.34it/s]
04-14 11:18:56 Train-Loss Source Classifier: 0.6359
04-14 11:18:56 Train-Loss CORAL: 0.2528
04-14 11:18:56 Train-Acc Source Data: 0.8688
  0%|          | 0/6 [00:00<?, ?it/s]100%|##########| 6/6 [00:00<00:00, 170.45it/s]
04-14 11:18:57 Val-Acc Target Data: 0.2552
04-14 11:18:57 The best model epoch 9, val-acc 0.2969
04-14 11:18:57 -----Epoch 52/100-----
04-14 11:18:57 current lr: [3.200000000000001e-07]
  0%|          | 0/5 [00:00<?, ?it/s] 80%|########  | 4/5 [00:00<00:00, 38.05it/s]100%|##########| 5/5 [00:00<00:00, 37.66it/s]
04-14 11:18:57 Train-Loss Source Classifier: 0.6373
04-14 11:18:57 Train-Loss CORAL: 0.2832
04-14 11:18:57 Train-Acc Source Data: 0.8812
  0%|          | 0/6 [00:00<?, ?it/s]100%|##########| 6/6 [00:00<00:00, 167.56it/s]
04-14 11:18:57 Val-Acc Target Data: 0.2552
04-14 11:18:57 The best model epoch 9, val-acc 0.2969
04-14 11:18:57 -----Epoch 53/100-----
04-14 11:18:57 current lr: [3.200000000000001e-07]
  0%|          | 0/5 [00:00<?, ?it/s] 80%|########  | 4/5 [00:00<00:00, 38.32it/s]100%|##########| 5/5 [00:00<00:00, 38.12it/s]
04-14 11:18:57 Train-Loss Source Classifier: 0.6273
04-14 11:18:57 Train-Loss CORAL: 0.2563
04-14 11:18:57 Train-Acc Source Data: 0.9031
  0%|          | 0/6 [00:00<?, ?it/s]100%|##########| 6/6 [00:00<00:00, 168.42it/s]
04-14 11:18:57 Val-Acc Target Data: 0.2552
04-14 11:18:57 The best model epoch 9, val-acc 0.2969
04-14 11:18:57 -----Epoch 54/100-----
04-14 11:18:57 current lr: [3.200000000000001e-07]
  0%|          | 0/5 [00:00<?, ?it/s] 80%|########  | 4/5 [00:00<00:00, 37.95it/s]100%|##########| 5/5 [00:00<00:00, 37.61it/s]
04-14 11:18:57 Train-Loss Source Classifier: 0.6568
04-14 11:18:57 Train-Loss CORAL: 0.2758
04-14 11:18:57 Train-Acc Source Data: 0.8688
  0%|          | 0/6 [00:00<?, ?it/s]100%|##########| 6/6 [00:00<00:00, 172.66it/s]
04-14 11:18:57 Val-Acc Target Data: 0.2552
04-14 11:18:57 The best model epoch 9, val-acc 0.2969
04-14 11:18:57 -----Epoch 55/100-----
04-14 11:18:57 current lr: [3.200000000000001e-07]
  0%|          | 0/5 [00:00<?, ?it/s] 80%|########  | 4/5 [00:00<00:00, 38.27it/s]100%|##########| 5/5 [00:00<00:00, 37.70it/s]
04-14 11:18:57 Train-Loss Source Classifier: 0.6704
04-14 11:18:57 Train-Loss CORAL: 0.2697
04-14 11:18:57 Train-Acc Source Data: 0.8750
  0%|          | 0/6 [00:00<?, ?it/s]100%|##########| 6/6 [00:00<00:00, 172.63it/s]
04-14 11:18:57 Val-Acc Target Data: 0.2552
04-14 11:18:57 The best model epoch 9, val-acc 0.2969
04-14 11:18:57 -----Epoch 56/100-----
04-14 11:18:57 current lr: [3.200000000000001e-07]
  0%|          | 0/5 [00:00<?, ?it/s] 80%|########  | 4/5 [00:00<00:00, 39.41it/s]100%|##########| 5/5 [00:00<00:00, 38.55it/s]
04-14 11:18:57 Train-Loss Source Classifier: 0.6056
04-14 11:18:57 Train-Loss CORAL: 0.2574
04-14 11:18:57 Train-Acc Source Data: 0.9125
  0%|          | 0/6 [00:00<?, ?it/s]100%|##########| 6/6 [00:00<00:00, 157.26it/s]
04-14 11:18:57 Val-Acc Target Data: 0.2552
04-14 11:18:57 The best model epoch 9, val-acc 0.2969
04-14 11:18:57 -----Epoch 57/100-----
04-14 11:18:57 current lr: [3.200000000000001e-07]
  0%|          | 0/5 [00:00<?, ?it/s] 80%|########  | 4/5 [00:00<00:00, 38.99it/s]100%|##########| 5/5 [00:00<00:00, 38.08it/s]
04-14 11:18:58 Train-Loss Source Classifier: 0.6474
04-14 11:18:58 Train-Loss CORAL: 0.2874
04-14 11:18:58 Train-Acc Source Data: 0.8844
  0%|          | 0/6 [00:00<?, ?it/s]100%|##########| 6/6 [00:00<00:00, 128.37it/s]
04-14 11:18:58 Val-Acc Target Data: 0.2552
04-14 11:18:58 The best model epoch 9, val-acc 0.2969
04-14 11:18:58 -----Epoch 58/100-----
04-14 11:18:58 current lr: [3.200000000000001e-07]
  0%|          | 0/5 [00:00<?, ?it/s] 80%|########  | 4/5 [00:00<00:00, 38.48it/s]100%|##########| 5/5 [00:00<00:00, 38.61it/s]
04-14 11:18:58 Train-Loss Source Classifier: 0.6505
04-14 11:18:58 Train-Loss CORAL: 0.2880
04-14 11:18:58 Train-Acc Source Data: 0.8812
  0%|          | 0/6 [00:00<?, ?it/s]100%|##########| 6/6 [00:00<00:00, 161.61it/s]
04-14 11:18:58 Val-Acc Target Data: 0.2552
04-14 11:18:58 The best model epoch 9, val-acc 0.2969
04-14 11:18:58 -----Epoch 59/100-----
04-14 11:18:58 current lr: [3.200000000000001e-07]
  0%|          | 0/5 [00:00<?, ?it/s]100%|##########| 5/5 [00:00<00:00, 39.32it/s]100%|##########| 5/5 [00:00<00:00, 39.27it/s]
04-14 11:18:58 Train-Loss Source Classifier: 0.6264
04-14 11:18:58 Train-Loss CORAL: 0.2641
04-14 11:18:58 Train-Acc Source Data: 0.8844
  0%|          | 0/6 [00:00<?, ?it/s]100%|##########| 6/6 [00:00<00:00, 169.76it/s]
04-14 11:18:58 Val-Acc Target Data: 0.2526
04-14 11:18:58 The best model epoch 9, val-acc 0.2969
04-14 11:18:58 -----Epoch 60/100-----
04-14 11:18:58 current lr: [3.200000000000001e-07]
  0%|          | 0/5 [00:00<?, ?it/s] 80%|########  | 4/5 [00:00<00:00, 39.84it/s]100%|##########| 5/5 [00:00<00:00, 39.31it/s]
04-14 11:18:58 Train-Loss Source Classifier: 0.6416
04-14 11:18:58 Train-Loss CORAL: 0.2631
04-14 11:18:58 Train-Acc Source Data: 0.8844
  0%|          | 0/6 [00:00<?, ?it/s]100%|##########| 6/6 [00:00<00:00, 144.90it/s]
04-14 11:18:58 Val-Acc Target Data: 0.2552
04-14 11:18:58 The best model epoch 9, val-acc 0.2969
04-14 11:18:58 -----Epoch 61/100-----
04-14 11:18:58 current lr: [6.400000000000003e-08]
  0%|          | 0/5 [00:00<?, ?it/s] 80%|########  | 4/5 [00:00<00:00, 38.12it/s]100%|##########| 5/5 [00:00<00:00, 38.24it/s]
04-14 11:18:58 Train-Loss Source Classifier: 0.6482
04-14 11:18:58 Train-Loss CORAL: 0.2907
04-14 11:18:58 Train-Acc Source Data: 0.9000
  0%|          | 0/6 [00:00<?, ?it/s]100%|##########| 6/6 [00:00<00:00, 172.00it/s]
04-14 11:18:58 Val-Acc Target Data: 0.2552
04-14 11:18:58 The best model epoch 9, val-acc 0.2969
04-14 11:18:58 -----Epoch 62/100-----
04-14 11:18:58 current lr: [6.400000000000003e-08]
  0%|          | 0/5 [00:00<?, ?it/s] 80%|########  | 4/5 [00:00<00:00, 37.82it/s]100%|##########| 5/5 [00:00<00:00, 37.34it/s]
04-14 11:18:58 Train-Loss Source Classifier: 0.6457
04-14 11:18:58 Train-Loss CORAL: 0.2811
04-14 11:18:58 Train-Acc Source Data: 0.8750
  0%|          | 0/6 [00:00<?, ?it/s]100%|##########| 6/6 [00:00<00:00, 161.88it/s]
04-14 11:18:58 Val-Acc Target Data: 0.2552
04-14 11:18:58 The best model epoch 9, val-acc 0.2969
04-14 11:18:58 -----Epoch 63/100-----
04-14 11:18:58 current lr: [6.400000000000003e-08]
  0%|          | 0/5 [00:00<?, ?it/s] 80%|########  | 4/5 [00:00<00:00, 37.77it/s]100%|##########| 5/5 [00:00<00:00, 37.36it/s]
04-14 11:18:59 Train-Loss Source Classifier: 0.6231
04-14 11:18:59 Train-Loss CORAL: 0.2505
04-14 11:18:59 Train-Acc Source Data: 0.8938
  0%|          | 0/6 [00:00<?, ?it/s]100%|##########| 6/6 [00:00<00:00, 164.22it/s]
04-14 11:18:59 Val-Acc Target Data: 0.2630
04-14 11:18:59 The best model epoch 9, val-acc 0.2969
04-14 11:18:59 -----Epoch 64/100-----
04-14 11:18:59 current lr: [6.400000000000003e-08]
  0%|          | 0/5 [00:00<?, ?it/s] 80%|########  | 4/5 [00:00<00:00, 38.83it/s]100%|##########| 5/5 [00:00<00:00, 37.62it/s]
04-14 11:18:59 Train-Loss Source Classifier: 0.6552
04-14 11:18:59 Train-Loss CORAL: 0.2655
04-14 11:18:59 Train-Acc Source Data: 0.8812
  0%|          | 0/6 [00:00<?, ?it/s]100%|##########| 6/6 [00:00<00:00, 159.98it/s]
04-14 11:18:59 Val-Acc Target Data: 0.2656
04-14 11:18:59 The best model epoch 9, val-acc 0.2969
04-14 11:18:59 -----Epoch 65/100-----
04-14 11:18:59 current lr: [6.400000000000003e-08]
  0%|          | 0/5 [00:00<?, ?it/s] 80%|########  | 4/5 [00:00<00:00, 38.04it/s]100%|##########| 5/5 [00:00<00:00, 38.27it/s]
04-14 11:18:59 Train-Loss Source Classifier: 0.6178
04-14 11:18:59 Train-Loss CORAL: 0.2721
04-14 11:18:59 Train-Acc Source Data: 0.9000
  0%|          | 0/6 [00:00<?, ?it/s]100%|##########| 6/6 [00:00<00:00, 163.29it/s]
04-14 11:18:59 Val-Acc Target Data: 0.2604
04-14 11:18:59 The best model epoch 9, val-acc 0.2969
04-14 11:18:59 -----Epoch 66/100-----
04-14 11:18:59 current lr: [6.400000000000003e-08]
  0%|          | 0/5 [00:00<?, ?it/s] 80%|########  | 4/5 [00:00<00:00, 38.04it/s]100%|##########| 5/5 [00:00<00:00, 37.31it/s]
04-14 11:18:59 Train-Loss Source Classifier: 0.6457
04-14 11:18:59 Train-Loss CORAL: 0.2724
04-14 11:18:59 Train-Acc Source Data: 0.8812
  0%|          | 0/6 [00:00<?, ?it/s]100%|##########| 6/6 [00:00<00:00, 165.10it/s]
04-14 11:18:59 Val-Acc Target Data: 0.2552
04-14 11:18:59 The best model epoch 9, val-acc 0.2969
04-14 11:18:59 -----Epoch 67/100-----
04-14 11:18:59 current lr: [6.400000000000003e-08]
  0%|          | 0/5 [00:00<?, ?it/s] 80%|########  | 4/5 [00:00<00:00, 38.16it/s]100%|##########| 5/5 [00:00<00:00, 37.49it/s]
04-14 11:18:59 Train-Loss Source Classifier: 0.6195
04-14 11:18:59 Train-Loss CORAL: 0.2530
04-14 11:18:59 Train-Acc Source Data: 0.9031
  0%|          | 0/6 [00:00<?, ?it/s]100%|##########| 6/6 [00:00<00:00, 172.34it/s]
04-14 11:18:59 Val-Acc Target Data: 0.2578
04-14 11:18:59 The best model epoch 9, val-acc 0.2969
04-14 11:18:59 -----Epoch 68/100-----
04-14 11:18:59 current lr: [6.400000000000003e-08]
  0%|          | 0/5 [00:00<?, ?it/s] 80%|########  | 4/5 [00:00<00:00, 39.36it/s]100%|##########| 5/5 [00:00<00:00, 37.67it/s]
04-14 11:19:00 Train-Loss Source Classifier: 0.6817
04-14 11:19:00 Train-Loss CORAL: 0.2826
04-14 11:19:00 Train-Acc Source Data: 0.8656
  0%|          | 0/6 [00:00<?, ?it/s]100%|##########| 6/6 [00:00<00:00, 161.80it/s]
04-14 11:19:00 Val-Acc Target Data: 0.2656
04-14 11:19:00 The best model epoch 9, val-acc 0.2969
04-14 11:19:00 -----Epoch 69/100-----
04-14 11:19:00 current lr: [6.400000000000003e-08]
  0%|          | 0/5 [00:00<?, ?it/s] 80%|########  | 4/5 [00:00<00:00, 38.20it/s]100%|##########| 5/5 [00:00<00:00, 37.17it/s]
04-14 11:19:00 Train-Loss Source Classifier: 0.6183
04-14 11:19:00 Train-Loss CORAL: 0.2855
04-14 11:19:00 Train-Acc Source Data: 0.9000
  0%|          | 0/6 [00:00<?, ?it/s]100%|##########| 6/6 [00:00<00:00, 161.43it/s]
04-14 11:19:00 Val-Acc Target Data: 0.2552
04-14 11:19:00 The best model epoch 9, val-acc 0.2969
04-14 11:19:00 -----Epoch 70/100-----
04-14 11:19:00 current lr: [6.400000000000003e-08]
  0%|          | 0/5 [00:00<?, ?it/s] 80%|########  | 4/5 [00:00<00:00, 38.02it/s]100%|##########| 5/5 [00:00<00:00, 38.10it/s]
04-14 11:19:00 Train-Loss Source Classifier: 0.6730
04-14 11:19:00 Train-Loss CORAL: 0.2695
04-14 11:19:00 Train-Acc Source Data: 0.8719
  0%|          | 0/6 [00:00<?, ?it/s]100%|##########| 6/6 [00:00<00:00, 168.52it/s]
04-14 11:19:00 Val-Acc Target Data: 0.2656
04-14 11:19:00 The best model epoch 9, val-acc 0.2969
04-14 11:19:00 -----Epoch 71/100-----
04-14 11:19:00 current lr: [1.2800000000000007e-08]
  0%|          | 0/5 [00:00<?, ?it/s] 80%|########  | 4/5 [00:00<00:00, 39.47it/s]100%|##########| 5/5 [00:00<00:00, 38.87it/s]
04-14 11:19:00 Train-Loss Source Classifier: 0.6287
04-14 11:19:00 Train-Loss CORAL: 0.2598
04-14 11:19:00 Train-Acc Source Data: 0.9000
  0%|          | 0/6 [00:00<?, ?it/s]100%|##########| 6/6 [00:00<00:00, 166.64it/s]
04-14 11:19:00 Val-Acc Target Data: 0.2630
04-14 11:19:00 The best model epoch 9, val-acc 0.2969
04-14 11:19:00 -----Epoch 72/100-----
04-14 11:19:00 current lr: [1.2800000000000007e-08]
