04-14 08:42:16 imba: False
04-14 08:42:16 model_name: CORAL
04-14 08:42:16 Domain: Cross-machine
04-14 08:42:16 source: CWRU_2
04-14 08:42:16 target: JNU_0
04-14 08:42:16 data_dir: ./datasets
04-14 08:42:16 train_mode: single_source
04-14 08:42:16 cuda_device: 0
04-14 08:42:16 save_dir: ./ckpt/CORAL/single_source
04-14 08:42:16 max_epoch: 100
04-14 08:42:16 batch_size: 64
04-14 08:42:16 num_workers: 0
04-14 08:42:16 signal_size: 2048
04-14 08:42:16 random_state: 75
04-14 08:42:16 normlizetype: mean-std
04-14 08:42:16 opt: sgd
04-14 08:42:16 lr: 0.001
04-14 08:42:16 momentum: 0.9
04-14 08:42:16 betas: (0.9, 0.999)
04-14 08:42:16 weight_decay: 0.0005
04-14 08:42:16 lr_scheduler: stepLR
04-14 08:42:16 gamma: 0.2
04-14 08:42:16 steps: 10
04-14 08:42:16 tradeoff: ['exp', 'exp', 'exp']
04-14 08:42:16 dropout: 0.0
04-14 08:42:16 save: False
04-14 08:42:16 load_path: 
04-14 08:42:16 tsne: False
04-14 08:42:16 save_path: ./ckpt/CORAL/single_source/[CWRU_2]To[JNU_0]_0414-084216
04-14 08:42:16 Detect 4 classes: ['1normal', 'ball', 'inner', 'outer']
04-14 08:42:17 using 1 / 1 gpus
Loading source: CWRU, Condition: 2
Source Data Distribution:
+--------------+---------+
| Label        |   Count |
|--------------+---------|
| 0            |     177 |
| 1            |     177 |
| 2            |     177 |
| 3            |     177 |
| Dataset Size |     708 |
+--------------+---------+
04-14 08:42:19 Source set CWRU_2 number of samples 708.
Setting up target: JNU, Condition: 0
Target Data Distribution:
04-14 08:42:27 target training set number of samples 488.
+--------------+---------+-------+
|              |   train |   val |
|--------------+---------+-------|
| 0            |     122 |   122 |
| 1            |     122 |   122 |
| 2            |     122 |   122 |
| 3            |     122 |   122 |
| Dataset Size |     488 |   488 |
+--------------+---------+-------+
04-14 08:42:27 target validation set number of samples 488.
04-14 08:42:27 -----Epoch 1/100-----
04-14 08:42:27 current lr: [0.001]
  0%|          | 0/7 [00:00<?, ?it/s] 43%|####2     | 3/7 [00:00<00:00, 24.59it/s]100%|##########| 7/7 [00:00<00:00, 31.91it/s]100%|##########| 7/7 [00:00<00:00, 30.72it/s]
04-14 08:42:27 Train-Loss Source Classifier: 1.3759
04-14 08:42:27 Train-Loss CORAL: 1.7983
04-14 08:42:27 Train-Acc Source Data: 0.2522
  0%|          | 0/8 [00:00<?, ?it/s]100%|##########| 8/8 [00:00<00:00, 162.19it/s]
04-14 08:42:27 Val-Acc Target Data: 0.2383
04-14 08:42:27 The best model epoch 1, val-acc 0.2383
04-14 08:42:27 -----Epoch 2/100-----
04-14 08:42:27 current lr: [0.001]
  0%|          | 0/7 [00:00<?, ?it/s] 57%|#####7    | 4/7 [00:00<00:00, 38.34it/s]100%|##########| 7/7 [00:00<00:00, 36.57it/s]
04-14 08:42:27 Train-Loss Source Classifier: 1.2829
04-14 08:42:27 Train-Loss CORAL: 1.7185
04-14 08:42:27 Train-Acc Source Data: 0.5848
  0%|          | 0/8 [00:00<?, ?it/s]100%|##########| 8/8 [00:00<00:00, 158.30it/s]
04-14 08:42:27 Val-Acc Target Data: 0.2656
04-14 08:42:27 The best model epoch 2, val-acc 0.2656
04-14 08:42:27 -----Epoch 3/100-----
04-14 08:42:27 current lr: [0.001]
  0%|          | 0/7 [00:00<?, ?it/s] 57%|#####7    | 4/7 [00:00<00:00, 37.20it/s]100%|##########| 7/7 [00:00<00:00, 36.43it/s]
04-14 08:42:28 Train-Loss Source Classifier: 1.1660
04-14 08:42:28 Train-Loss CORAL: 1.6159
04-14 08:42:28 Train-Acc Source Data: 0.6942
  0%|          | 0/8 [00:00<?, ?it/s]100%|##########| 8/8 [00:00<00:00, 158.04it/s]
04-14 08:42:28 Val-Acc Target Data: 0.2637
04-14 08:42:28 The best model epoch 2, val-acc 0.2656
04-14 08:42:28 -----Epoch 4/100-----
04-14 08:42:28 current lr: [0.001]
  0%|          | 0/7 [00:00<?, ?it/s] 57%|#####7    | 4/7 [00:00<00:00, 37.72it/s]100%|##########| 7/7 [00:00<00:00, 37.13it/s]
04-14 08:42:28 Train-Loss Source Classifier: 0.9997
04-14 08:42:28 Train-Loss CORAL: 1.2644
04-14 08:42:28 Train-Acc Source Data: 0.8103
  0%|          | 0/8 [00:00<?, ?it/s]100%|##########| 8/8 [00:00<00:00, 149.33it/s]
04-14 08:42:28 Val-Acc Target Data: 0.3320
04-14 08:42:28 The best model epoch 4, val-acc 0.3320
04-14 08:42:28 -----Epoch 5/100-----
04-14 08:42:28 current lr: [0.001]
  0%|          | 0/7 [00:00<?, ?it/s] 57%|#####7    | 4/7 [00:00<00:00, 38.47it/s]100%|##########| 7/7 [00:00<00:00, 37.02it/s]
04-14 08:42:28 Train-Loss Source Classifier: 0.8506
04-14 08:42:28 Train-Loss CORAL: 0.9220
04-14 08:42:28 Train-Acc Source Data: 0.9397
  0%|          | 0/8 [00:00<?, ?it/s]100%|##########| 8/8 [00:00<00:00, 163.68it/s]
04-14 08:42:28 Val-Acc Target Data: 0.2520
04-14 08:42:28 The best model epoch 4, val-acc 0.3320
04-14 08:42:28 -----Epoch 6/100-----
04-14 08:42:28 current lr: [0.001]
  0%|          | 0/7 [00:00<?, ?it/s] 57%|#####7    | 4/7 [00:00<00:00, 38.61it/s]100%|##########| 7/7 [00:00<00:00, 37.50it/s]
04-14 08:42:28 Train-Loss Source Classifier: 0.6577
04-14 08:42:28 Train-Loss CORAL: 0.7000
04-14 08:42:28 Train-Acc Source Data: 0.9598
  0%|          | 0/8 [00:00<?, ?it/s]100%|##########| 8/8 [00:00<00:00, 160.20it/s]
04-14 08:42:28 Val-Acc Target Data: 0.2930
04-14 08:42:28 The best model epoch 4, val-acc 0.3320
04-14 08:42:28 -----Epoch 7/100-----
04-14 08:42:28 current lr: [0.001]
  0%|          | 0/7 [00:00<?, ?it/s] 57%|#####7    | 4/7 [00:00<00:00, 38.69it/s]100%|##########| 7/7 [00:00<00:00, 38.17it/s]
04-14 08:42:29 Train-Loss Source Classifier: 0.5363
04-14 08:42:29 Train-Loss CORAL: 0.5376
04-14 08:42:29 Train-Acc Source Data: 0.9688
  0%|          | 0/8 [00:00<?, ?it/s]100%|##########| 8/8 [00:00<00:00, 151.70it/s]
04-14 08:42:29 Val-Acc Target Data: 0.3320
04-14 08:42:29 The best model epoch 7, val-acc 0.3320
04-14 08:42:29 -----Epoch 8/100-----
04-14 08:42:29 current lr: [0.001]
  0%|          | 0/7 [00:00<?, ?it/s] 57%|#####7    | 4/7 [00:00<00:00, 38.78it/s]100%|##########| 7/7 [00:00<00:00, 38.16it/s]
04-14 08:42:29 Train-Loss Source Classifier: 0.3856
04-14 08:42:29 Train-Loss CORAL: 0.4373
04-14 08:42:29 Train-Acc Source Data: 0.9732
  0%|          | 0/8 [00:00<?, ?it/s]100%|##########| 8/8 [00:00<00:00, 159.57it/s]
04-14 08:42:29 Val-Acc Target Data: 0.3164
04-14 08:42:29 The best model epoch 7, val-acc 0.3320
04-14 08:42:29 -----Epoch 9/100-----
04-14 08:42:29 current lr: [0.001]
  0%|          | 0/7 [00:00<?, ?it/s] 57%|#####7    | 4/7 [00:00<00:00, 39.66it/s]100%|##########| 7/7 [00:00<00:00, 38.07it/s]
04-14 08:42:29 Train-Loss Source Classifier: 0.2920
04-14 08:42:29 Train-Loss CORAL: 0.3903
04-14 08:42:29 Train-Acc Source Data: 0.9799
  0%|          | 0/8 [00:00<?, ?it/s]100%|##########| 8/8 [00:00<00:00, 160.46it/s]
04-14 08:42:29 Val-Acc Target Data: 0.2129
04-14 08:42:29 The best model epoch 7, val-acc 0.3320
04-14 08:42:29 -----Epoch 10/100-----
04-14 08:42:29 current lr: [0.001]
  0%|          | 0/7 [00:00<?, ?it/s] 57%|#####7    | 4/7 [00:00<00:00, 38.37it/s]100%|##########| 7/7 [00:00<00:00, 37.40it/s]
04-14 08:42:29 Train-Loss Source Classifier: 0.2019
04-14 08:42:29 Train-Loss CORAL: 0.3211
04-14 08:42:29 Train-Acc Source Data: 0.9799
  0%|          | 0/8 [00:00<?, ?it/s]100%|##########| 8/8 [00:00<00:00, 159.90it/s]
04-14 08:42:29 Val-Acc Target Data: 0.2715
04-14 08:42:29 The best model epoch 7, val-acc 0.3320
04-14 08:42:29 -----Epoch 11/100-----
04-14 08:42:29 current lr: [0.0002]
  0%|          | 0/7 [00:00<?, ?it/s] 57%|#####7    | 4/7 [00:00<00:00, 39.46it/s]100%|##########| 7/7 [00:00<00:00, 38.41it/s]
04-14 08:42:30 Train-Loss Source Classifier: 0.1613
04-14 08:42:30 Train-Loss CORAL: 0.3050
04-14 08:42:30 Train-Acc Source Data: 0.9888
  0%|          | 0/8 [00:00<?, ?it/s]100%|##########| 8/8 [00:00<00:00, 164.16it/s]
04-14 08:42:30 Val-Acc Target Data: 0.2812
04-14 08:42:30 The best model epoch 7, val-acc 0.3320
04-14 08:42:30 -----Epoch 12/100-----
04-14 08:42:30 current lr: [0.0002]
  0%|          | 0/7 [00:00<?, ?it/s] 71%|#######1  | 5/7 [00:00<00:00, 39.34it/s]100%|##########| 7/7 [00:00<00:00, 37.83it/s]
04-14 08:42:30 Train-Loss Source Classifier: 0.1476
04-14 08:42:30 Train-Loss CORAL: 0.3021
04-14 08:42:30 Train-Acc Source Data: 1.0000
  0%|          | 0/8 [00:00<?, ?it/s]100%|##########| 8/8 [00:00<00:00, 163.67it/s]
04-14 08:42:30 Val-Acc Target Data: 0.2832
04-14 08:42:30 The best model epoch 7, val-acc 0.3320
04-14 08:42:30 -----Epoch 13/100-----
04-14 08:42:30 current lr: [0.0002]
  0%|          | 0/7 [00:00<?, ?it/s] 57%|#####7    | 4/7 [00:00<00:00, 38.59it/s]100%|##########| 7/7 [00:00<00:00, 37.71it/s]
04-14 08:42:30 Train-Loss Source Classifier: 0.1385
04-14 08:42:30 Train-Loss CORAL: 0.2782
04-14 08:42:30 Train-Acc Source Data: 0.9978
  0%|          | 0/8 [00:00<?, ?it/s]100%|##########| 8/8 [00:00<00:00, 158.94it/s]
04-14 08:42:30 Val-Acc Target Data: 0.2480
04-14 08:42:30 The best model epoch 7, val-acc 0.3320
04-14 08:42:30 -----Epoch 14/100-----
04-14 08:42:30 current lr: [0.0002]
  0%|          | 0/7 [00:00<?, ?it/s] 57%|#####7    | 4/7 [00:00<00:00, 38.09it/s]100%|##########| 7/7 [00:00<00:00, 37.45it/s]
04-14 08:42:30 Train-Loss Source Classifier: 0.1139
04-14 08:42:30 Train-Loss CORAL: 0.2821
04-14 08:42:30 Train-Acc Source Data: 0.9978
  0%|          | 0/8 [00:00<?, ?it/s]100%|##########| 8/8 [00:00<00:00, 162.40it/s]
04-14 08:42:30 Val-Acc Target Data: 0.2324
04-14 08:42:30 The best model epoch 7, val-acc 0.3320
04-14 08:42:30 -----Epoch 15/100-----
04-14 08:42:30 current lr: [0.0002]
  0%|          | 0/7 [00:00<?, ?it/s] 57%|#####7    | 4/7 [00:00<00:00, 38.48it/s]100%|##########| 7/7 [00:00<00:00, 38.09it/s]
04-14 08:42:31 Train-Loss Source Classifier: 0.1250
04-14 08:42:31 Train-Loss CORAL: 0.2686
04-14 08:42:31 Train-Acc Source Data: 0.9933
  0%|          | 0/8 [00:00<?, ?it/s]100%|##########| 8/8 [00:00<00:00, 157.71it/s]
04-14 08:42:31 Val-Acc Target Data: 0.2285
04-14 08:42:31 The best model epoch 7, val-acc 0.3320
04-14 08:42:31 -----Epoch 16/100-----
04-14 08:42:31 current lr: [0.0002]
  0%|          | 0/7 [00:00<?, ?it/s] 57%|#####7    | 4/7 [00:00<00:00, 37.72it/s]100%|##########| 7/7 [00:00<00:00, 37.86it/s]
04-14 08:42:31 Train-Loss Source Classifier: 0.1050
04-14 08:42:31 Train-Loss CORAL: 0.2635
04-14 08:42:31 Train-Acc Source Data: 0.9978
  0%|          | 0/8 [00:00<?, ?it/s]100%|##########| 8/8 [00:00<00:00, 160.07it/s]
04-14 08:42:31 Val-Acc Target Data: 0.2285
04-14 08:42:31 The best model epoch 7, val-acc 0.3320
04-14 08:42:31 -----Epoch 17/100-----
04-14 08:42:31 current lr: [0.0002]
  0%|          | 0/7 [00:00<?, ?it/s] 57%|#####7    | 4/7 [00:00<00:00, 39.11it/s]100%|##########| 7/7 [00:00<00:00, 37.64it/s]
04-14 08:42:31 Train-Loss Source Classifier: 0.1071
04-14 08:42:31 Train-Loss CORAL: 0.2569
04-14 08:42:31 Train-Acc Source Data: 1.0000
  0%|          | 0/8 [00:00<?, ?it/s]100%|##########| 8/8 [00:00<00:00, 160.62it/s]
04-14 08:42:31 Val-Acc Target Data: 0.2031
04-14 08:42:31 The best model epoch 7, val-acc 0.3320
04-14 08:42:31 -----Epoch 18/100-----
04-14 08:42:31 current lr: [0.0002]
  0%|          | 0/7 [00:00<?, ?it/s] 57%|#####7    | 4/7 [00:00<00:00, 38.13it/s]100%|##########| 7/7 [00:00<00:00, 37.08it/s]
04-14 08:42:31 Train-Loss Source Classifier: 0.0946
04-14 08:42:31 Train-Loss CORAL: 0.2481
04-14 08:42:31 Train-Acc Source Data: 1.0000
  0%|          | 0/8 [00:00<?, ?it/s]100%|##########| 8/8 [00:00<00:00, 162.49it/s]
04-14 08:42:31 Val-Acc Target Data: 0.2031
04-14 08:42:31 The best model epoch 7, val-acc 0.3320
04-14 08:42:31 -----Epoch 19/100-----
04-14 08:42:31 current lr: [0.0002]
  0%|          | 0/7 [00:00<?, ?it/s] 57%|#####7    | 4/7 [00:00<00:00, 37.98it/s]100%|##########| 7/7 [00:00<00:00, 36.97it/s]
04-14 08:42:32 Train-Loss Source Classifier: 0.1001
04-14 08:42:32 Train-Loss CORAL: 0.2382
04-14 08:42:32 Train-Acc Source Data: 1.0000
  0%|          | 0/8 [00:00<?, ?it/s]100%|##########| 8/8 [00:00<00:00, 162.65it/s]
04-14 08:42:32 Val-Acc Target Data: 0.2051
04-14 08:42:32 The best model epoch 7, val-acc 0.3320
04-14 08:42:32 -----Epoch 20/100-----
04-14 08:42:32 current lr: [0.0002]
  0%|          | 0/7 [00:00<?, ?it/s] 57%|#####7    | 4/7 [00:00<00:00, 38.37it/s]100%|##########| 7/7 [00:00<00:00, 37.88it/s]
04-14 08:42:32 Train-Loss Source Classifier: 0.0892
04-14 08:42:32 Train-Loss CORAL: 0.2247
04-14 08:42:32 Train-Acc Source Data: 1.0000
  0%|          | 0/8 [00:00<?, ?it/s]100%|##########| 8/8 [00:00<00:00, 162.42it/s]
04-14 08:42:32 Val-Acc Target Data: 0.2090
04-14 08:42:32 The best model epoch 7, val-acc 0.3320
04-14 08:42:32 -----Epoch 21/100-----
04-14 08:42:32 current lr: [4e-05]
  0%|          | 0/7 [00:00<?, ?it/s] 57%|#####7    | 4/7 [00:00<00:00, 38.45it/s]100%|##########| 7/7 [00:00<00:00, 37.21it/s]
04-14 08:42:32 Train-Loss Source Classifier: 0.0838
04-14 08:42:32 Train-Loss CORAL: 0.2243
04-14 08:42:32 Train-Acc Source Data: 1.0000
  0%|          | 0/8 [00:00<?, ?it/s]100%|##########| 8/8 [00:00<00:00, 152.88it/s]
04-14 08:42:32 Val-Acc Target Data: 0.2070
04-14 08:42:32 The best model epoch 7, val-acc 0.3320
04-14 08:42:32 -----Epoch 22/100-----
04-14 08:42:32 current lr: [4e-05]
  0%|          | 0/7 [00:00<?, ?it/s] 57%|#####7    | 4/7 [00:00<00:00, 37.79it/s]100%|##########| 7/7 [00:00<00:00, 37.53it/s]
04-14 08:42:32 Train-Loss Source Classifier: 0.0916
04-14 08:42:32 Train-Loss CORAL: 0.2212
04-14 08:42:32 Train-Acc Source Data: 1.0000
  0%|          | 0/8 [00:00<?, ?it/s]100%|##########| 8/8 [00:00<00:00, 145.29it/s]
04-14 08:42:32 Val-Acc Target Data: 0.2090
04-14 08:42:32 The best model epoch 7, val-acc 0.3320
04-14 08:42:32 -----Epoch 23/100-----
04-14 08:42:32 current lr: [4e-05]
  0%|          | 0/7 [00:00<?, ?it/s] 57%|#####7    | 4/7 [00:00<00:00, 37.81it/s]100%|##########| 7/7 [00:00<00:00, 36.86it/s]
04-14 08:42:33 Train-Loss Source Classifier: 0.0854
04-14 08:42:33 Train-Loss CORAL: 0.2170
04-14 08:42:33 Train-Acc Source Data: 1.0000
  0%|          | 0/8 [00:00<?, ?it/s]100%|##########| 8/8 [00:00<00:00, 162.31it/s]
04-14 08:42:33 Val-Acc Target Data: 0.2051
04-14 08:42:33 The best model epoch 7, val-acc 0.3320
04-14 08:42:33 -----Epoch 24/100-----
04-14 08:42:33 current lr: [4e-05]
  0%|          | 0/7 [00:00<?, ?it/s] 57%|#####7    | 4/7 [00:00<00:00, 38.80it/s]100%|##########| 7/7 [00:00<00:00, 38.07it/s]
04-14 08:42:33 Train-Loss Source Classifier: 0.0792
04-14 08:42:33 Train-Loss CORAL: 0.2188
04-14 08:42:33 Train-Acc Source Data: 1.0000
  0%|          | 0/8 [00:00<?, ?it/s]100%|##########| 8/8 [00:00<00:00, 160.18it/s]
04-14 08:42:33 Val-Acc Target Data: 0.2031
04-14 08:42:33 The best model epoch 7, val-acc 0.3320
04-14 08:42:33 -----Epoch 25/100-----
04-14 08:42:33 current lr: [4e-05]
  0%|          | 0/7 [00:00<?, ?it/s] 57%|#####7    | 4/7 [00:00<00:00, 38.52it/s]100%|##########| 7/7 [00:00<00:00, 37.91it/s]
04-14 08:42:33 Train-Loss Source Classifier: 0.0895
04-14 08:42:33 Train-Loss CORAL: 0.2235
04-14 08:42:33 Train-Acc Source Data: 1.0000
  0%|          | 0/8 [00:00<?, ?it/s]100%|##########| 8/8 [00:00<00:00, 153.67it/s]
04-14 08:42:33 Val-Acc Target Data: 0.2031
04-14 08:42:33 The best model epoch 7, val-acc 0.3320
04-14 08:42:33 -----Epoch 26/100-----
04-14 08:42:33 current lr: [4e-05]
  0%|          | 0/7 [00:00<?, ?it/s] 57%|#####7    | 4/7 [00:00<00:00, 37.81it/s]100%|##########| 7/7 [00:00<00:00, 36.99it/s]
04-14 08:42:33 Train-Loss Source Classifier: 0.0830
04-14 08:42:33 Train-Loss CORAL: 0.2193
04-14 08:42:33 Train-Acc Source Data: 1.0000
  0%|          | 0/8 [00:00<?, ?it/s]100%|##########| 8/8 [00:00<00:00, 160.93it/s]
04-14 08:42:33 Val-Acc Target Data: 0.2070
04-14 08:42:33 The best model epoch 7, val-acc 0.3320
04-14 08:42:33 -----Epoch 27/100-----
04-14 08:42:33 current lr: [4e-05]
  0%|          | 0/7 [00:00<?, ?it/s] 57%|#####7    | 4/7 [00:00<00:00, 39.63it/s]100%|##########| 7/7 [00:00<00:00, 38.74it/s]
04-14 08:42:34 Train-Loss Source Classifier: 0.0811
04-14 08:42:34 Train-Loss CORAL: 0.2192
04-14 08:42:34 Train-Acc Source Data: 1.0000
  0%|          | 0/8 [00:00<?, ?it/s]100%|##########| 8/8 [00:00<00:00, 163.42it/s]
04-14 08:42:34 Val-Acc Target Data: 0.2012
04-14 08:42:34 The best model epoch 7, val-acc 0.3320
04-14 08:42:34 -----Epoch 28/100-----
04-14 08:42:34 current lr: [4e-05]
  0%|          | 0/7 [00:00<?, ?it/s] 57%|#####7    | 4/7 [00:00<00:00, 38.77it/s]100%|##########| 7/7 [00:00<00:00, 37.57it/s]
04-14 08:42:34 Train-Loss Source Classifier: 0.0771
04-14 08:42:34 Train-Loss CORAL: 0.2128
04-14 08:42:34 Train-Acc Source Data: 1.0000
  0%|          | 0/8 [00:00<?, ?it/s]100%|##########| 8/8 [00:00<00:00, 158.57it/s]
04-14 08:42:34 Val-Acc Target Data: 0.2012
04-14 08:42:34 The best model epoch 7, val-acc 0.3320
04-14 08:42:34 -----Epoch 29/100-----
04-14 08:42:34 current lr: [4e-05]
  0%|          | 0/7 [00:00<?, ?it/s] 57%|#####7    | 4/7 [00:00<00:00, 38.94it/s]100%|##########| 7/7 [00:00<00:00, 37.72it/s]
04-14 08:42:34 Train-Loss Source Classifier: 0.0830
04-14 08:42:34 Train-Loss CORAL: 0.2107
04-14 08:42:34 Train-Acc Source Data: 1.0000
  0%|          | 0/8 [00:00<?, ?it/s]100%|##########| 8/8 [00:00<00:00, 154.70it/s]
04-14 08:42:34 Val-Acc Target Data: 0.2031
04-14 08:42:34 The best model epoch 7, val-acc 0.3320
04-14 08:42:34 -----Epoch 30/100-----
04-14 08:42:34 current lr: [4e-05]
  0%|          | 0/7 [00:00<?, ?it/s] 57%|#####7    | 4/7 [00:00<00:00, 39.01it/s]100%|##########| 7/7 [00:00<00:00, 37.19it/s]
04-14 08:42:34 Train-Loss Source Classifier: 0.0793
04-14 08:42:34 Train-Loss CORAL: 0.2086
04-14 08:42:34 Train-Acc Source Data: 1.0000
  0%|          | 0/8 [00:00<?, ?it/s]100%|##########| 8/8 [00:00<00:00, 163.13it/s]
04-14 08:42:34 Val-Acc Target Data: 0.1934
04-14 08:42:34 The best model epoch 7, val-acc 0.3320
04-14 08:42:34 -----Epoch 31/100-----
04-14 08:42:34 current lr: [8.000000000000001e-06]
  0%|          | 0/7 [00:00<?, ?it/s] 57%|#####7    | 4/7 [00:00<00:00, 38.71it/s]100%|##########| 7/7 [00:00<00:00, 38.14it/s]
04-14 08:42:35 Train-Loss Source Classifier: 0.0793
04-14 08:42:35 Train-Loss CORAL: 0.2057
04-14 08:42:35 Train-Acc Source Data: 1.0000
  0%|          | 0/8 [00:00<?, ?it/s]100%|##########| 8/8 [00:00<00:00, 161.47it/s]
04-14 08:42:35 Val-Acc Target Data: 0.2012
04-14 08:42:35 The best model epoch 7, val-acc 0.3320
04-14 08:42:35 -----Epoch 32/100-----
04-14 08:42:35 current lr: [8.000000000000001e-06]
  0%|          | 0/7 [00:00<?, ?it/s] 57%|#####7    | 4/7 [00:00<00:00, 38.71it/s]100%|##########| 7/7 [00:00<00:00, 38.01it/s]
04-14 08:42:35 Train-Loss Source Classifier: 0.0816
04-14 08:42:35 Train-Loss CORAL: 0.2089
04-14 08:42:35 Train-Acc Source Data: 1.0000
  0%|          | 0/8 [00:00<?, ?it/s]100%|##########| 8/8 [00:00<00:00, 160.87it/s]
04-14 08:42:35 Val-Acc Target Data: 0.2051
04-14 08:42:35 The best model epoch 7, val-acc 0.3320
04-14 08:42:35 -----Epoch 33/100-----
04-14 08:42:35 current lr: [8.000000000000001e-06]
  0%|          | 0/7 [00:00<?, ?it/s] 57%|#####7    | 4/7 [00:00<00:00, 39.15it/s]100%|##########| 7/7 [00:00<00:00, 37.81it/s]
04-14 08:42:35 Train-Loss Source Classifier: 0.0788
04-14 08:42:35 Train-Loss CORAL: 0.2089
04-14 08:42:35 Train-Acc Source Data: 1.0000
  0%|          | 0/8 [00:00<?, ?it/s]100%|##########| 8/8 [00:00<00:00, 157.06it/s]
04-14 08:42:35 Val-Acc Target Data: 0.1992
04-14 08:42:35 The best model epoch 7, val-acc 0.3320
04-14 08:42:35 -----Epoch 34/100-----
04-14 08:42:35 current lr: [8.000000000000001e-06]
  0%|          | 0/7 [00:00<?, ?it/s] 57%|#####7    | 4/7 [00:00<00:00, 38.91it/s]100%|##########| 7/7 [00:00<00:00, 37.66it/s]
04-14 08:42:35 Train-Loss Source Classifier: 0.0793
04-14 08:42:35 Train-Loss CORAL: 0.2048
04-14 08:42:35 Train-Acc Source Data: 1.0000
  0%|          | 0/8 [00:00<?, ?it/s]100%|##########| 8/8 [00:00<00:00, 162.19it/s]
04-14 08:42:35 Val-Acc Target Data: 0.1934
04-14 08:42:35 The best model epoch 7, val-acc 0.3320
04-14 08:42:35 -----Epoch 35/100-----
04-14 08:42:35 current lr: [8.000000000000001e-06]
  0%|          | 0/7 [00:00<?, ?it/s] 57%|#####7    | 4/7 [00:00<00:00, 38.23it/s]100%|##########| 7/7 [00:00<00:00, 36.86it/s]
04-14 08:42:35 Train-Loss Source Classifier: 0.0796
04-14 08:42:35 Train-Loss CORAL: 0.2152
04-14 08:42:35 Train-Acc Source Data: 1.0000
  0%|          | 0/8 [00:00<?, ?it/s]100%|##########| 8/8 [00:00<00:00, 162.84it/s]
04-14 08:42:36 Val-Acc Target Data: 0.2012
04-14 08:42:36 The best model epoch 7, val-acc 0.3320
04-14 08:42:36 -----Epoch 36/100-----
04-14 08:42:36 current lr: [8.000000000000001e-06]
  0%|          | 0/7 [00:00<?, ?it/s] 57%|#####7    | 4/7 [00:00<00:00, 38.41it/s]100%|##########| 7/7 [00:00<00:00, 37.61it/s]
04-14 08:42:36 Train-Loss Source Classifier: 0.0780
04-14 08:42:36 Train-Loss CORAL: 0.2041
04-14 08:42:36 Train-Acc Source Data: 1.0000
  0%|          | 0/8 [00:00<?, ?it/s]100%|##########| 8/8 [00:00<00:00, 162.89it/s]
04-14 08:42:36 Val-Acc Target Data: 0.1953
04-14 08:42:36 The best model epoch 7, val-acc 0.3320
04-14 08:42:36 -----Epoch 37/100-----
04-14 08:42:36 current lr: [8.000000000000001e-06]
  0%|          | 0/7 [00:00<?, ?it/s] 57%|#####7    | 4/7 [00:00<00:00, 38.82it/s]100%|##########| 7/7 [00:00<00:00, 37.40it/s]
04-14 08:42:36 Train-Loss Source Classifier: 0.0798
04-14 08:42:36 Train-Loss CORAL: 0.2085
04-14 08:42:36 Train-Acc Source Data: 1.0000
  0%|          | 0/8 [00:00<?, ?it/s]100%|##########| 8/8 [00:00<00:00, 161.61it/s]
04-14 08:42:36 Val-Acc Target Data: 0.1992
04-14 08:42:36 The best model epoch 7, val-acc 0.3320
04-14 08:42:36 -----Epoch 38/100-----
04-14 08:42:36 current lr: [8.000000000000001e-06]
  0%|          | 0/7 [00:00<?, ?it/s] 57%|#####7    | 4/7 [00:00<00:00, 38.35it/s]100%|##########| 7/7 [00:00<00:00, 37.20it/s]
04-14 08:42:36 Train-Loss Source Classifier: 0.0753
04-14 08:42:36 Train-Loss CORAL: 0.2043
04-14 08:42:36 Train-Acc Source Data: 1.0000
  0%|          | 0/8 [00:00<?, ?it/s]100%|##########| 8/8 [00:00<00:00, 163.95it/s]
04-14 08:42:36 Val-Acc Target Data: 0.1953
04-14 08:42:36 The best model epoch 7, val-acc 0.3320
04-14 08:42:36 -----Epoch 39/100-----
04-14 08:42:36 current lr: [8.000000000000001e-06]
  0%|          | 0/7 [00:00<?, ?it/s] 57%|#####7    | 4/7 [00:00<00:00, 37.87it/s]100%|##########| 7/7 [00:00<00:00, 37.58it/s]
04-14 08:42:36 Train-Loss Source Classifier: 0.0816
04-14 08:42:36 Train-Loss CORAL: 0.2034
04-14 08:42:36 Train-Acc Source Data: 1.0000
  0%|          | 0/8 [00:00<?, ?it/s]100%|##########| 8/8 [00:00<00:00, 161.55it/s]
04-14 08:42:37 Val-Acc Target Data: 0.2031
04-14 08:42:37 The best model epoch 7, val-acc 0.3320
04-14 08:42:37 -----Epoch 40/100-----
04-14 08:42:37 current lr: [8.000000000000001e-06]
  0%|          | 0/7 [00:00<?, ?it/s] 57%|#####7    | 4/7 [00:00<00:00, 39.66it/s]100%|##########| 7/7 [00:00<00:00, 37.91it/s]
04-14 08:42:37 Train-Loss Source Classifier: 0.0742
04-14 08:42:37 Train-Loss CORAL: 0.2066
04-14 08:42:37 Train-Acc Source Data: 1.0000
  0%|          | 0/8 [00:00<?, ?it/s]100%|##########| 8/8 [00:00<00:00, 161.62it/s]
04-14 08:42:37 Val-Acc Target Data: 0.1992
04-14 08:42:37 The best model epoch 7, val-acc 0.3320
04-14 08:42:37 -----Epoch 41/100-----
04-14 08:42:37 current lr: [1.6000000000000004e-06]
  0%|          | 0/7 [00:00<?, ?it/s] 57%|#####7    | 4/7 [00:00<00:00, 38.19it/s]100%|##########| 7/7 [00:00<00:00, 37.65it/s]
04-14 08:42:37 Train-Loss Source Classifier: 0.0826
04-14 08:42:37 Train-Loss CORAL: 0.2052
04-14 08:42:37 Train-Acc Source Data: 1.0000
  0%|          | 0/8 [00:00<?, ?it/s]100%|##########| 8/8 [00:00<00:00, 160.18it/s]
04-14 08:42:37 Val-Acc Target Data: 0.1953
04-14 08:42:37 The best model epoch 7, val-acc 0.3320
04-14 08:42:37 -----Epoch 42/100-----
04-14 08:42:37 current lr: [1.6000000000000004e-06]
  0%|          | 0/7 [00:00<?, ?it/s] 57%|#####7    | 4/7 [00:00<00:00, 36.34it/s]100%|##########| 7/7 [00:00<00:00, 36.84it/s]
04-14 08:42:37 Train-Loss Source Classifier: 0.0762
04-14 08:42:37 Train-Loss CORAL: 0.2054
04-14 08:42:37 Train-Acc Source Data: 1.0000
  0%|          | 0/8 [00:00<?, ?it/s]100%|##########| 8/8 [00:00<00:00, 161.62it/s]
04-14 08:42:37 Val-Acc Target Data: 0.1992
04-14 08:42:37 The best model epoch 7, val-acc 0.3320
04-14 08:42:37 -----Epoch 43/100-----
04-14 08:42:37 current lr: [1.6000000000000004e-06]
  0%|          | 0/7 [00:00<?, ?it/s] 57%|#####7    | 4/7 [00:00<00:00, 39.00it/s]100%|##########| 7/7 [00:00<00:00, 37.91it/s]
04-14 08:42:37 Train-Loss Source Classifier: 0.0808
04-14 08:42:37 Train-Loss CORAL: 0.2083
04-14 08:42:37 Train-Acc Source Data: 1.0000
  0%|          | 0/8 [00:00<?, ?it/s]100%|##########| 8/8 [00:00<00:00, 163.39it/s]
04-14 08:42:38 Val-Acc Target Data: 0.1953
04-14 08:42:38 The best model epoch 7, val-acc 0.3320
04-14 08:42:38 -----Epoch 44/100-----
04-14 08:42:38 current lr: [1.6000000000000004e-06]
  0%|          | 0/7 [00:00<?, ?it/s] 57%|#####7    | 4/7 [00:00<00:00, 38.85it/s]100%|##########| 7/7 [00:00<00:00, 38.04it/s]
04-14 08:42:38 Train-Loss Source Classifier: 0.0784
04-14 08:42:38 Train-Loss CORAL: 0.2082
04-14 08:42:38 Train-Acc Source Data: 1.0000
  0%|          | 0/8 [00:00<?, ?it/s]100%|##########| 8/8 [00:00<00:00, 165.09it/s]
04-14 08:42:38 Val-Acc Target Data: 0.2012
04-14 08:42:38 The best model epoch 7, val-acc 0.3320
04-14 08:42:38 -----Epoch 45/100-----
04-14 08:42:38 current lr: [1.6000000000000004e-06]
  0%|          | 0/7 [00:00<?, ?it/s] 57%|#####7    | 4/7 [00:00<00:00, 38.55it/s]100%|##########| 7/7 [00:00<00:00, 37.24it/s]
04-14 08:42:38 Train-Loss Source Classifier: 0.0730
04-14 08:42:38 Train-Loss CORAL: 0.2018
04-14 08:42:38 Train-Acc Source Data: 1.0000
  0%|          | 0/8 [00:00<?, ?it/s]100%|##########| 8/8 [00:00<00:00, 163.76it/s]
04-14 08:42:38 Val-Acc Target Data: 0.2012
04-14 08:42:38 The best model epoch 7, val-acc 0.3320
04-14 08:42:38 -----Epoch 46/100-----
04-14 08:42:38 current lr: [1.6000000000000004e-06]
  0%|          | 0/7 [00:00<?, ?it/s] 57%|#####7    | 4/7 [00:00<00:00, 38.70it/s]100%|##########| 7/7 [00:00<00:00, 37.95it/s]
04-14 08:42:38 Train-Loss Source Classifier: 0.0809
04-14 08:42:38 Train-Loss CORAL: 0.2064
04-14 08:42:38 Train-Acc Source Data: 1.0000
  0%|          | 0/8 [00:00<?, ?it/s]100%|##########| 8/8 [00:00<00:00, 163.81it/s]
04-14 08:42:38 Val-Acc Target Data: 0.2012
04-14 08:42:38 The best model epoch 7, val-acc 0.3320
04-14 08:42:38 -----Epoch 47/100-----
04-14 08:42:38 current lr: [1.6000000000000004e-06]
  0%|          | 0/7 [00:00<?, ?it/s] 57%|#####7    | 4/7 [00:00<00:00, 38.38it/s]100%|##########| 7/7 [00:00<00:00, 37.93it/s]
04-14 08:42:38 Train-Loss Source Classifier: 0.0846
04-14 08:42:38 Train-Loss CORAL: 0.2024
04-14 08:42:38 Train-Acc Source Data: 1.0000
  0%|          | 0/8 [00:00<?, ?it/s]100%|##########| 8/8 [00:00<00:00, 164.69it/s]
04-14 08:42:38 Val-Acc Target Data: 0.2031
04-14 08:42:38 The best model epoch 7, val-acc 0.3320
04-14 08:42:38 -----Epoch 48/100-----
04-14 08:42:38 current lr: [1.6000000000000004e-06]
  0%|          | 0/7 [00:00<?, ?it/s] 57%|#####7    | 4/7 [00:00<00:00, 38.72it/s]100%|##########| 7/7 [00:00<00:00, 38.27it/s]
04-14 08:42:39 Train-Loss Source Classifier: 0.0743
04-14 08:42:39 Train-Loss CORAL: 0.2071
04-14 08:42:39 Train-Acc Source Data: 1.0000
  0%|          | 0/8 [00:00<?, ?it/s]100%|##########| 8/8 [00:00<00:00, 164.26it/s]
04-14 08:42:39 Val-Acc Target Data: 0.1953
04-14 08:42:39 The best model epoch 7, val-acc 0.3320
04-14 08:42:39 -----Epoch 49/100-----
04-14 08:42:39 current lr: [1.6000000000000004e-06]
  0%|          | 0/7 [00:00<?, ?it/s] 57%|#####7    | 4/7 [00:00<00:00, 38.65it/s]100%|##########| 7/7 [00:00<00:00, 37.59it/s]
04-14 08:42:39 Train-Loss Source Classifier: 0.0795
04-14 08:42:39 Train-Loss CORAL: 0.2002
04-14 08:42:39 Train-Acc Source Data: 1.0000
  0%|          | 0/8 [00:00<?, ?it/s]100%|##########| 8/8 [00:00<00:00, 161.59it/s]
04-14 08:42:39 Val-Acc Target Data: 0.2031
04-14 08:42:39 The best model epoch 7, val-acc 0.3320
04-14 08:42:39 -----Epoch 50/100-----
04-14 08:42:39 current lr: [1.6000000000000004e-06]
  0%|          | 0/7 [00:00<?, ?it/s] 57%|#####7    | 4/7 [00:00<00:00, 39.24it/s]100%|##########| 7/7 [00:00<00:00, 37.89it/s]
04-14 08:42:39 Train-Loss Source Classifier: 0.0780
04-14 08:42:39 Train-Loss CORAL: 0.2092
04-14 08:42:39 Train-Acc Source Data: 1.0000
  0%|          | 0/8 [00:00<?, ?it/s]100%|##########| 8/8 [00:00<00:00, 163.74it/s]
04-14 08:42:39 Val-Acc Target Data: 0.1973
04-14 08:42:39 The best model epoch 7, val-acc 0.3320
04-14 08:42:39 -----Epoch 51/100-----
04-14 08:42:39 current lr: [3.200000000000001e-07]
  0%|          | 0/7 [00:00<?, ?it/s] 57%|#####7    | 4/7 [00:00<00:00, 39.17it/s]100%|##########| 7/7 [00:00<00:00, 38.13it/s]
04-14 08:42:39 Train-Loss Source Classifier: 0.0768
04-14 08:42:39 Train-Loss CORAL: 0.1998
04-14 08:42:39 Train-Acc Source Data: 1.0000
  0%|          | 0/8 [00:00<?, ?it/s]100%|##########| 8/8 [00:00<00:00, 164.05it/s]
04-14 08:42:39 Val-Acc Target Data: 0.1953
04-14 08:42:39 The best model epoch 7, val-acc 0.3320
04-14 08:42:39 -----Epoch 52/100-----
04-14 08:42:39 current lr: [3.200000000000001e-07]
  0%|          | 0/7 [00:00<?, ?it/s] 57%|#####7    | 4/7 [00:00<00:00, 38.73it/s]100%|##########| 7/7 [00:00<00:00, 37.35it/s]
04-14 08:42:40 Train-Loss Source Classifier: 0.0860
04-14 08:42:40 Train-Loss CORAL: 0.2066
04-14 08:42:40 Train-Acc Source Data: 1.0000
  0%|          | 0/8 [00:00<?, ?it/s]100%|##########| 8/8 [00:00<00:00, 158.34it/s]
04-14 08:42:40 Val-Acc Target Data: 0.2012
04-14 08:42:40 The best model epoch 7, val-acc 0.3320
04-14 08:42:40 -----Epoch 53/100-----
04-14 08:42:40 current lr: [3.200000000000001e-07]
  0%|          | 0/7 [00:00<?, ?it/s] 57%|#####7    | 4/7 [00:00<00:00, 38.22it/s]100%|##########| 7/7 [00:00<00:00, 37.20it/s]
04-14 08:42:40 Train-Loss Source Classifier: 0.0794
04-14 08:42:40 Train-Loss CORAL: 0.2077
04-14 08:42:40 Train-Acc Source Data: 1.0000
  0%|          | 0/8 [00:00<?, ?it/s]100%|##########| 8/8 [00:00<00:00, 157.46it/s]
04-14 08:42:40 Val-Acc Target Data: 0.1973
04-14 08:42:40 The best model epoch 7, val-acc 0.3320
04-14 08:42:40 -----Epoch 54/100-----
04-14 08:42:40 current lr: [3.200000000000001e-07]
  0%|          | 0/7 [00:00<?, ?it/s] 57%|#####7    | 4/7 [00:00<00:00, 39.30it/s]100%|##########| 7/7 [00:00<00:00, 38.89it/s]
04-14 08:42:40 Train-Loss Source Classifier: 0.0810
04-14 08:42:40 Train-Loss CORAL: 0.2052
04-14 08:42:40 Train-Acc Source Data: 1.0000
  0%|          | 0/8 [00:00<?, ?it/s]100%|##########| 8/8 [00:00<00:00, 163.94it/s]
04-14 08:42:40 Val-Acc Target Data: 0.1895
04-14 08:42:40 The best model epoch 7, val-acc 0.3320
04-14 08:42:40 -----Epoch 55/100-----
04-14 08:42:40 current lr: [3.200000000000001e-07]
  0%|          | 0/7 [00:00<?, ?it/s] 71%|#######1  | 5/7 [00:00<00:00, 39.72it/s]100%|##########| 7/7 [00:00<00:00, 38.97it/s]
04-14 08:42:40 Train-Loss Source Classifier: 0.0782
04-14 08:42:40 Train-Loss CORAL: 0.2053
04-14 08:42:40 Train-Acc Source Data: 1.0000
  0%|          | 0/8 [00:00<?, ?it/s]100%|##########| 8/8 [00:00<00:00, 158.88it/s]
04-14 08:42:40 Val-Acc Target Data: 0.1992
04-14 08:42:40 The best model epoch 7, val-acc 0.3320
04-14 08:42:40 -----Epoch 56/100-----
04-14 08:42:40 current lr: [3.200000000000001e-07]
  0%|          | 0/7 [00:00<?, ?it/s] 57%|#####7    | 4/7 [00:00<00:00, 39.23it/s]100%|##########| 7/7 [00:00<00:00, 37.75it/s]
04-14 08:42:41 Train-Loss Source Classifier: 0.0798
04-14 08:42:41 Train-Loss CORAL: 0.2021
04-14 08:42:41 Train-Acc Source Data: 1.0000
  0%|          | 0/8 [00:00<?, ?it/s]100%|##########| 8/8 [00:00<00:00, 164.43it/s]
04-14 08:42:41 Val-Acc Target Data: 0.2012
04-14 08:42:41 The best model epoch 7, val-acc 0.3320
04-14 08:42:41 -----Epoch 57/100-----
04-14 08:42:41 current lr: [3.200000000000001e-07]
  0%|          | 0/7 [00:00<?, ?it/s] 71%|#######1  | 5/7 [00:00<00:00, 39.26it/s]100%|##########| 7/7 [00:00<00:00, 37.56it/s]
04-14 08:42:41 Train-Loss Source Classifier: 0.0716
04-14 08:42:41 Train-Loss CORAL: 0.2009
04-14 08:42:41 Train-Acc Source Data: 1.0000
  0%|          | 0/8 [00:00<?, ?it/s]100%|##########| 8/8 [00:00<00:00, 164.00it/s]
04-14 08:42:41 Val-Acc Target Data: 0.1895
04-14 08:42:41 The best model epoch 7, val-acc 0.3320
04-14 08:42:41 -----Epoch 58/100-----
04-14 08:42:41 current lr: [3.200000000000001e-07]
  0%|          | 0/7 [00:00<?, ?it/s] 57%|#####7    | 4/7 [00:00<00:00, 38.71it/s]100%|##########| 7/7 [00:00<00:00, 37.60it/s]
04-14 08:42:41 Train-Loss Source Classifier: 0.0823
04-14 08:42:41 Train-Loss CORAL: 0.2081
04-14 08:42:41 Train-Acc Source Data: 1.0000
  0%|          | 0/8 [00:00<?, ?it/s]100%|##########| 8/8 [00:00<00:00, 164.17it/s]
04-14 08:42:41 Val-Acc Target Data: 0.1992
04-14 08:42:41 The best model epoch 7, val-acc 0.3320
04-14 08:42:41 -----Epoch 59/100-----
04-14 08:42:41 current lr: [3.200000000000001e-07]
  0%|          | 0/7 [00:00<?, ?it/s] 57%|#####7    | 4/7 [00:00<00:00, 37.94it/s]100%|##########| 7/7 [00:00<00:00, 37.65it/s]
04-14 08:42:41 Train-Loss Source Classifier: 0.0774
04-14 08:42:41 Train-Loss CORAL: 0.2074
04-14 08:42:41 Train-Acc Source Data: 1.0000
  0%|          | 0/8 [00:00<?, ?it/s]100%|##########| 8/8 [00:00<00:00, 161.74it/s]
04-14 08:42:41 Val-Acc Target Data: 0.2012
04-14 08:42:41 The best model epoch 7, val-acc 0.3320
04-14 08:42:41 -----Epoch 60/100-----
04-14 08:42:41 current lr: [3.200000000000001e-07]
  0%|          | 0/7 [00:00<?, ?it/s] 57%|#####7    | 4/7 [00:00<00:00, 38.25it/s]100%|##########| 7/7 [00:00<00:00, 37.91it/s]
04-14 08:42:42 Train-Loss Source Classifier: 0.0795
04-14 08:42:42 Train-Loss CORAL: 0.2120
04-14 08:42:42 Train-Acc Source Data: 1.0000
  0%|          | 0/8 [00:00<?, ?it/s]100%|##########| 8/8 [00:00<00:00, 158.57it/s]
04-14 08:42:42 Val-Acc Target Data: 0.1992
04-14 08:42:42 The best model epoch 7, val-acc 0.3320
04-14 08:42:42 -----Epoch 61/100-----
04-14 08:42:42 current lr: [6.400000000000003e-08]
  0%|          | 0/7 [00:00<?, ?it/s] 57%|#####7    | 4/7 [00:00<00:00, 38.53it/s]100%|##########| 7/7 [00:00<00:00, 38.15it/s]
04-14 08:42:42 Train-Loss Source Classifier: 0.0768
04-14 08:42:42 Train-Loss CORAL: 0.2074
04-14 08:42:42 Train-Acc Source Data: 1.0000
  0%|          | 0/8 [00:00<?, ?it/s]100%|##########| 8/8 [00:00<00:00, 155.93it/s]
04-14 08:42:42 Val-Acc Target Data: 0.1953
04-14 08:42:42 The best model epoch 7, val-acc 0.3320
04-14 08:42:42 -----Epoch 62/100-----
04-14 08:42:42 current lr: [6.400000000000003e-08]
  0%|          | 0/7 [00:00<?, ?it/s] 57%|#####7    | 4/7 [00:00<00:00, 38.43it/s]100%|##########| 7/7 [00:00<00:00, 36.92it/s]
04-14 08:42:42 Train-Loss Source Classifier: 0.0756
04-14 08:42:42 Train-Loss CORAL: 0.2015
04-14 08:42:42 Train-Acc Source Data: 1.0000
  0%|          | 0/8 [00:00<?, ?it/s]100%|##########| 8/8 [00:00<00:00, 163.79it/s]
04-14 08:42:42 Val-Acc Target Data: 0.1992
04-14 08:42:42 The best model epoch 7, val-acc 0.3320
04-14 08:42:42 -----Epoch 63/100-----
04-14 08:42:42 current lr: [6.400000000000003e-08]
  0%|          | 0/7 [00:00<?, ?it/s] 57%|#####7    | 4/7 [00:00<00:00, 38.88it/s]100%|##########| 7/7 [00:00<00:00, 37.57it/s]
04-14 08:42:42 Train-Loss Source Classifier: 0.0766
04-14 08:42:42 Train-Loss CORAL: 0.2030
04-14 08:42:42 Train-Acc Source Data: 1.0000
  0%|          | 0/8 [00:00<?, ?it/s]100%|##########| 8/8 [00:00<00:00, 158.66it/s]
04-14 08:42:42 Val-Acc Target Data: 0.1973
04-14 08:42:42 The best model epoch 7, val-acc 0.3320
04-14 08:42:42 -----Epoch 64/100-----
04-14 08:42:42 current lr: [6.400000000000003e-08]
  0%|          | 0/7 [00:00<?, ?it/s] 57%|#####7    | 4/7 [00:00<00:00, 38.53it/s]100%|##########| 7/7 [00:00<00:00, 37.26it/s]
04-14 08:42:43 Train-Loss Source Classifier: 0.0837
04-14 08:42:43 Train-Loss CORAL: 0.1994
04-14 08:42:43 Train-Acc Source Data: 1.0000
  0%|          | 0/8 [00:00<?, ?it/s]100%|##########| 8/8 [00:00<00:00, 156.95it/s]
04-14 08:42:43 Val-Acc Target Data: 0.2031
04-14 08:42:43 The best model epoch 7, val-acc 0.3320
04-14 08:42:43 -----Epoch 65/100-----
04-14 08:42:43 current lr: [6.400000000000003e-08]
  0%|          | 0/7 [00:00<?, ?it/s] 57%|#####7    | 4/7 [00:00<00:00, 38.58it/s]100%|##########| 7/7 [00:00<00:00, 37.49it/s]
04-14 08:42:43 Train-Loss Source Classifier: 0.0813
04-14 08:42:43 Train-Loss CORAL: 0.1987
04-14 08:42:43 Train-Acc Source Data: 1.0000
  0%|          | 0/8 [00:00<?, ?it/s]100%|##########| 8/8 [00:00<00:00, 158.78it/s]
04-14 08:42:43 Val-Acc Target Data: 0.1992
04-14 08:42:43 The best model epoch 7, val-acc 0.3320
04-14 08:42:43 -----Epoch 66/100-----
04-14 08:42:43 current lr: [6.400000000000003e-08]
  0%|          | 0/7 [00:00<?, ?it/s] 57%|#####7    | 4/7 [00:00<00:00, 38.76it/s]100%|##########| 7/7 [00:00<00:00, 37.96it/s]
04-14 08:42:43 Train-Loss Source Classifier: 0.0768
04-14 08:42:43 Train-Loss CORAL: 0.2030
04-14 08:42:43 Train-Acc Source Data: 1.0000
  0%|          | 0/8 [00:00<?, ?it/s]100%|##########| 8/8 [00:00<00:00, 163.52it/s]
04-14 08:42:43 Val-Acc Target Data: 0.1992
04-14 08:42:43 The best model epoch 7, val-acc 0.3320
04-14 08:42:43 -----Epoch 67/100-----
04-14 08:42:43 current lr: [6.400000000000003e-08]
  0%|          | 0/7 [00:00<?, ?it/s] 57%|#####7    | 4/7 [00:00<00:00, 37.34it/s]100%|##########| 7/7 [00:00<00:00, 37.43it/s]
04-14 08:42:43 Train-Loss Source Classifier: 0.0768
04-14 08:42:43 Train-Loss CORAL: 0.2009
04-14 08:42:43 Train-Acc Source Data: 1.0000
  0%|          | 0/8 [00:00<?, ?it/s]100%|##########| 8/8 [00:00<00:00, 164.77it/s]
04-14 08:42:43 Val-Acc Target Data: 0.1992
04-14 08:42:43 The best model epoch 7, val-acc 0.3320
04-14 08:42:43 -----Epoch 68/100-----
04-14 08:42:43 current lr: [6.400000000000003e-08]
  0%|          | 0/7 [00:00<?, ?it/s] 57%|#####7    | 4/7 [00:00<00:00, 38.19it/s]100%|##########| 7/7 [00:00<00:00, 37.81it/s]
04-14 08:42:44 Train-Loss Source Classifier: 0.0779
04-14 08:42:44 Train-Loss CORAL: 0.2017
04-14 08:42:44 Train-Acc Source Data: 1.0000
  0%|          | 0/8 [00:00<?, ?it/s]100%|##########| 8/8 [00:00<00:00, 162.98it/s]
04-14 08:42:44 Val-Acc Target Data: 0.2031
04-14 08:42:44 The best model epoch 7, val-acc 0.3320
04-14 08:42:44 -----Epoch 69/100-----
04-14 08:42:44 current lr: [6.400000000000003e-08]
  0%|          | 0/7 [00:00<?, ?it/s] 57%|#####7    | 4/7 [00:00<00:00, 38.65it/s]100%|##########| 7/7 [00:00<00:00, 37.47it/s]
04-14 08:42:44 Train-Loss Source Classifier: 0.0792
04-14 08:42:44 Train-Loss CORAL: 0.2065
04-14 08:42:44 Train-Acc Source Data: 1.0000
  0%|          | 0/8 [00:00<?, ?it/s]100%|##########| 8/8 [00:00<00:00, 158.59it/s]
04-14 08:42:44 Val-Acc Target Data: 0.1992
04-14 08:42:44 The best model epoch 7, val-acc 0.3320
04-14 08:42:44 -----Epoch 70/100-----
04-14 08:42:44 current lr: [6.400000000000003e-08]
  0%|          | 0/7 [00:00<?, ?it/s] 57%|#####7    | 4/7 [00:00<00:00, 38.62it/s]100%|##########| 7/7 [00:00<00:00, 37.30it/s]
04-14 08:42:44 Train-Loss Source Classifier: 0.0773
04-14 08:42:44 Train-Loss CORAL: 0.2024
04-14 08:42:44 Train-Acc Source Data: 1.0000
  0%|          | 0/8 [00:00<?, ?it/s]100%|##########| 8/8 [00:00<00:00, 163.36it/s]
04-14 08:42:44 Val-Acc Target Data: 0.1973
04-14 08:42:44 The best model epoch 7, val-acc 0.3320
04-14 08:42:44 -----Epoch 71/100-----
04-14 08:42:44 current lr: [1.2800000000000007e-08]
  0%|          | 0/7 [00:00<?, ?it/s] 57%|#####7    | 4/7 [00:00<00:00, 38.51it/s]100%|##########| 7/7 [00:00<00:00, 38.50it/s]
04-14 08:42:44 Train-Loss Source Classifier: 0.0817
04-14 08:42:44 Train-Loss CORAL: 0.2077
04-14 08:42:44 Train-Acc Source Data: 1.0000
  0%|          | 0/8 [00:00<?, ?it/s]100%|##########| 8/8 [00:00<00:00, 162.37it/s]
04-14 08:42:44 Val-Acc Target Data: 0.1914
04-14 08:42:44 The best model epoch 7, val-acc 0.3320
04-14 08:42:44 -----Epoch 72/100-----
04-14 08:42:44 current lr: [1.2800000000000007e-08]
